x z1 z2 p1 p2 r1 r2
0.0000000000 -0.0000000000 0.0000000000 -0.0000000000 0.0000000000 -0.0000000000 0.0000000000
0.0100000000 0.0903511305 0.0532790035 -0.2189746968 -0.0776414452 0.1381124179 0.1303382866
0.0200000000 0.1816174393 0.0998309132 -0.4386954459 -0.1441967300 0.2318088952 0.2111976780
0.0300000000 0.2437192704 0.1278537217 -0.5887603652 -0.1834540741 0.3224212834 0.2835813207
0.0400000000 0.2797406854 0.1427911086 -0.6431365245 -0.1950562508 0.3245419466 0.2663650051
0.0500000000 0.3039992155 0.1547483394 -0.6693981531 -0.2051077517 0.2772431147 0.2035213540
0.0600000000 0.3287590432 0.1694724303 -0.7614994469 -0.2430806490 0.2312665329 0.1447530670
0.0700000000 0.3537311626 0.1855540888 -0.8632785758 -0.2793593137 0.1858788697 0.0904339444
0.0800000000 0.3833427822 0.2046974642 -0.9379414894 -0.3064605867 0.1621725860 0.0600178079
0.0900000000 0.3975384483 0.2139294744 -1.0148763234 -0.3335290679 0.1653443762 0.0577133583
0.1000000000 0.3742215902 0.2019808826 -1.0739889006 -0.3538722200 0.2228445790 0.1077112261
0.1100000000 0.3430079817 0.1884625862 -1.0288665513 -0.3351008455 0.3244727263 0.1969878451
0.1200000000 0.3089776841 0.1731400979 -0.8782195345 -0.2853156738 0.3725363862 0.2296268220
0.1300000000 0.2628320586 0.1505475682 -0.7214151051 -0.2367459967 0.3082727823 0.1540236775
0.1400000000 0.2132421692 0.1251725251 -0.6369505598 -0.2125965958 0.2332810210 0.0734508645
0.1500000000 0.1739176856 0.1049366925 -0.5703790199 -0.1838053539 0.2395228259 0.0750894466
0.1600000000 0.1553066148 0.0941090062 -0.4535691684 -0.1326153807 0.2223457500 0.0538052127
0.1700000000 0.1499598985 0.0876195211 -0.3366274409 -0.0792764706 0.1646885854 -0.0031929386
0.1800000000 0.1498990961 0.0812006386 -0.2696525569 -0.0413881952 0.1224636468 -0.0419851764
0.1900000000 0.1511527812 0.0738797120 -0.2416482304 -0.0106278047 0.1211100664 -0.0385482773
0.2000000000 0.1584558059 0.0694205238 -0.1662811335 0.0414936731 0.2496855427 0.0886860564
0.2100000000 0.1669432242 0.0650631320 -0.0935660813 0.0897557329 0.4194478234 0.2465231433
0.2200000000 0.1671773147 0.0561661288 -0.0443811812 0.1309592286 0.5296074113 0.3381873528
0.2300000000 0.1550957613 0.0414018065 0.0354401679 0.1827406685 0.5681581164 0.3553555232
0.2400000000 0.1513548458 0.0340517620 0.1126871218 0.2301667864 0.5666210180 0.3328824332
0.2500000000 0.1501141605 0.0282422729 0.1683473139 0.2681305410 0.5280788032 0.2752589500
0.2600000000 0.1340020649 0.0149078154 0.1925939265 0.2930572621 0.4740883647 0.2064312624
0.2700000000 0.1409829063 0.0176587237 0.1733279891 0.3016706952 0.5073576575 0.2245601301
0.2800000000 0.1780389418 0.0369851029 0.1026311445 0.2907091524 0.5782482888 0.2765619707
0.2900000000 0.2094306984 0.0513122625 0.0162532656 0.2739083410 0.6544517340 0.3310401287
0.3000000000 0.2242020683 0.0568997508 -0.0735896958 0.2510279089 0.7551899926 0.4051976948
0.3100000000 0.2315856965 0.0607272043 -0.2058957280 0.2079744996 0.8149026906 0.4354727441
0.3200000000 0.2351086689 0.0645143105 -0.3563057086 0.1553413951 0.8217334720 0.4137149922
0.3300000000 0.2463496775 0.0749133114 -0.4878303662 0.1046919303 0.8641486384 0.4273146144
0.3400000000 0.2849397063 0.1019198127 -0.5913703985 0.0573536280 0.9503425424 0.4810146019
0.3500000000 0.3258625789 0.1282302985 -0.6920198629 0.0037549308 1.0608932045 0.5548375784
0.3600000000 0.3311628467 0.1335919987 -0.7843281766 -0.0508791127 1.1909836430 0.6422980846
0.3700000000 0.3041376449 0.1232676884 -0.8137876153 -0.0867020164 1.2723897378 0.6777654714
0.3800000000 0.2757078907 0.1159639422 -0.8176582306 -0.1199766177 1.2851385437 0.6457692696
0.3900000000 0.2672421944 0.1212981763 -0.7771899599 -0.1381542285 1.2822993729 0.6010283862
0.4000000000 0.2443637521 0.1158381504 -0.7162911213 -0.1530643697 1.3071513789 0.5853410959
0.4100000000 0.2002733845 0.0986162115 -0.6889053741 -0.1773079029 1.4097649172 0.6451114398
0.4200000000 0.1793538730 0.0957454133 -0.6847292157 -0.2052776444 1.5967624057 0.7814370281
0.4300000000 0.2029578299 0.1164469335 -0.6948998078 -0.2313495169 1.7145312962 0.8431709924
0.4400000000 0.2301362438 0.1334102046 -0.6741749261 -0.2407293051 1.7389457117 0.8134916231
0.4500000000 0.2578301769 0.1493005971 -0.6949115333 -0.2628823620 1.7329763614 0.7565012831
0.4600000000 0.2972518115 0.1700509223 -0.7647200225 -0.2937312949 1.6951621966 0.6731355661
0.4700000000 0.3102964758 0.1740202473 -0.8143126624 -0.3104017849 1.6237284604 0.5633155506
0.4800000000 0.2899169213 0.1602862914 -0.8159990339 -0.3059312626 1.5102458591 0.4213551316
0.4900000000 0.2808725152 0.1569059075 -0.7984257293 -0.2946571324 1.4456774677 0.3364694514
0.5000000000 0.2936299478 0.1654496559 -0.7973343069 -0.2863103223 1.4436100853 0.3171350546
0.5100000000 0.3175567862 0.1790940533 -0.8197595257 -0.2824416921 1.4758351330 0.3335921151
0.5200000000 0.3546562705 0.1983331348 -0.8483111664 -0.2748246626 1.4987425798 0.3410941490
0.5300000000 0.3768069253 0.2068523510 -0.8201234598 -0.2432163685 1.4329843408 0.2651844105
0.5400000000 0.4152941355 0.2265626020 -0.7418048795 -0.1948681816 1.3117955979 0.1425401164
0.5500000000 0.4633514206 0.2495383029 -0.6421659179 -0.1396497801 1.2343303425 0.0701085730
0.5600000000 0.4959785473 0.2636006579 -0.5407118993 -0.0836974143 1.2971151699 0.1362637694
0.5700000000 0.5280308771 0.2780966210 -0.4371880080 -0.0247574480 1.4142538814 0.2495723039
0.5800000000 0.5393460035 0.2809470302 -0.3561871150 0.0270403931 1.4859771356 0.3133346727
0.5900000000 0.5531564929 0.2879816291 -0.2949805888 0.0754759983 1.4904266400 0.3086009818
0.6000000000 0.5823496664 0.3037759317 -0.2408897158 0.1223238803 1.4790792112 0.2890897926
0.6100000000 0.6174519882 0.3223095555 -0.2144025015 0.1599585980 1.4891307793 0.2896298695
0.6200000000 0.6547331690 0.3408454707 -0.2168339890 0.1872308955 1.5844395403 0.3710408436
0.6300000000 0.6744172104 0.3484924231 -0.2745255400 0.1940714700 1.7997481091 0.5596922567
0.6400000000 0.6684704992 0.3422635198 -0.3828439469 0.1833111150 2.0060460114 0.7266040201
0.6500000000 0.6501210500 0.3312023474 -0.4581681897 0.1838288919 2.1578138873 0.8301083659
0.6600000000 0.6407147530 0.3267639934 -0.4339322842 0.2124329999 2.3421105905 0.9567355848
0.6700000000 0.6538586857 0.3348852143 -0.3349117050 0.2553025860 2.5399544174 1.0855822182
0.6800000000 0.6697011267 0.3416086786 -0.2401456092 0.2853762530 2.7688358598 1.2348737767
0.6900000000 0.6708642789 0.3386355582 -0.2292098275 0.2803596075 3.0061118005 1.3799396511
0.7000000000 0.6383780582 0.3157424212 -0.2647644378 0.2611047755 3.1665256955 1.4417122697
0.7100000000 0.5816755690 0.2819131207 -0.2912922082 0.2443865883 3.2342698891 1.4097767961
0.7200000000 0.5450021523 0.2620311516 -0.2769526775 0.2396156302 3.2941753615 1.3723117404
0.7300000000 0.5105161235 0.2415304559 -0.2623310755 0.2274874802 3.4193218638 1.3981352005
0.7400000000 0.4688630374 0.2163891601 -0.2739283702 0.2038988350 3.5051870595 1.3849906433
0.7500000000 0.4366304757 0.1962993575 -0.2769914361 0.1813136255 3.5240467847 1.3102183510
0.7600000000 0.4050078908 0.1753771506 -0.2697070820 0.1604478112 3.5467447193 1.2452850297
0.7700000000 0.3847456630 0.1610298418 -0.2347389683 0.1471238809 3.5781364346 1.1940211560
0.7800000000 0.3910914264 0.1611804294 -0.2111175998 0.1264595001 3.5801467309 1.1202116355
0.7900000000 0.3992990481 0.1600965370 -0.2209600649 0.0946848442 3.5134867052 0.9879108843
0.8000000000 0.4275098034 0.1716023705 -0.1919038219 0.0796503233 3.3148981930 0.7409737861
0.8100000000 0.4548192464 0.1805538542 -0.1297056082 0.0740433926 3.0882933097 0.4866308450
0.8200000000 0.4490576491 0.1722103796 -0.0746138021 0.0658639119 2.9720347713 0.3559202153
0.8300000000 0.4519927305 0.1732612807 -0.0159223131 0.0606286322 2.8983767387 0.2766606539
0.8400000000 0.4548394847 0.1755050235 0.0414677909 0.0572321113 2.7783832095 0.1618327387
0.8500000000 0.4490351047 0.1750015316 0.0677264763 0.0452645548 2.6423105914 0.0422466015
0.8600000000 0.4645403571 0.1891715145 0.0953714291 0.0397248268 2.5432497162 -0.0322201598
0.8700000000 0.5201628907 0.2266980647 0.1530768910 0.0470454694 2.5116886020 -0.0358162888
0.8800000000 0.5647773135 0.2543456398 0.1835038651 0.0457084111 2.4937698608 -0.0253361503
0.8900000000 0.5514312685 0.2495515168 0.1578768514 0.0286600051 2.5281175757 0.0357877203
0.9000000000 0.5158086524 0.2375562521 0.0795603350 -0.0012101397 2.6275368199 0.1540001175
0.9100000000 0.4748272679 0.2258344418 -0.0066813257 -0.0277102342 2.6694149097 0.2092517619
0.9200000000 0.4367291134 0.2179070394 -0.0645453512 -0.0422403209 2.6602357098 0.2113835444
0.9300000000 0.4018805290 0.2112424437 -0.0934784085 -0.0471900546 2.7612537292 0.3166988856
0.9400000000 0.3720492612 0.2069501592 -0.1364720064 -0.0594947550 2.9585440827 0.5032976760
0.9500000000 0.3534070788 0.2072486704 -0.1691160421 -0.0658667045 3.1104317404 0.6326337058
0.9600000000 0.3380470116 0.2073712066 -0.2027330548 -0.0744762376 3.2002003304 0.6920292202
0.9700000000 0.3278670212 0.2087482846 -0.2221801616 -0.0753778529 3.2357410603 0.6931379434
0.9800000000 0.3420290802 0.2231172823 -0.1865074059 -0.0584680840 3.2835960336 0.7033442451
0.9900000000 0.3422187705 0.2252293339 -0.1252638462 -0.0343029468 3.3391171974 0.7171248205
1.0000000000 0.3209331707 0.2159219064 -0.0558679473 -0.0088759236 3.3988953092 0.7326791947
1.0100000000 0.3198639882 0.2193131099 0.0187720422 0.0195979357 3.5098761424 0.7943218332
1.0200000000 0.3012945346 0.2104816618 0.1188254521 0.0579079184 3.6443635306 0.8733160929
1.0300000000 0.2573564195 0.1882689866 0.1837716941 0.0830512067 3.7677228432 0.9361044314
1.0400000000 0.2213442415 0.1723797575 0.2222842664 0.1034679267 3.9232937635 1.0255530698
1.0500000000 0.2065326631 0.1685263358 0.2986826105 0.1396360733 4.1020630164 1.1305848766
1.0600000000 0.1946967655 0.1637423352 0.3475605503 0.1637393890 4.1790207436 1.1318593718
1.0700000000 0.1548997880 0.1413010219 0.3625482028 0.1785608144 4.1224129990 1.0065332418
1.0800000000 0.1019186879 0.1130273873 0.3878532533 0.1977868363 4.0362281450 0.8617077306
1.0900000000 0.0730456813 0.1001578972 0.4286143721 0.2216183477 4.0015031586 0.7755992835
1.1000000000 0.0617873147 0.0954216116 0.4574763763 0.2378174563 3.9961525803 0.7241143043
1.1100000000 0.0454384203 0.0858118285 0.4616395133 0.2446141219 3.9625601809 0.6509709406
1.1200000000 0.0292457517 0.0761693763 0.4743915037 0.2534578881 3.9572153834 0.6121682375
1.1300000000 0.0432036067 0.0846175171 0.4799003621 0.2566870920 3.9839433082 0.6078406513
1.1400000000 0.0703946640 0.0980417184 0.4482095403 0.2444399440 3.9640214258 0.5617806205
1.1500000000 0.0819418204 0.1017657244 0.3990177614 0.2258123310 3.9081249647 0.4865406327
1.1600000000 0.0846524731 0.1018452462 0.3766792134 0.2150773038 3.8288770749 0.3954714339
1.1700000000 0.0961161071 0.1094084472 0.4145846101 0.2215148384 3.7507933810 0.3129660597
1.1800000000 0.0860715077 0.1041662594 0.4667768084 0.2253830476 3.7431596195 0.3042271443
1.1900000000 0.0460807773 0.0850352491 0.5109952901 0.2237798484 3.7925922854 0.3510497873
1.2000000000 0.0170536449 0.0756809496 0.5742955696 0.2270021021 3.8809158727 0.4332063557
1.2100000000 -0.0041588060 0.0711856179 0.6128502250 0.2190831692 3.9333434417 0.4757627226
1.2200000000 -0.0322915282 0.0622076144 0.6156865807 0.1999422067 3.8847611913 0.4200815141
1.2300000000 -0.0435828400 0.0638866659 0.6517595466 0.1951453316 3.8388368489 0.3702832350
1.2400000000 -0.0231315026 0.0823097780 0.7251280942 0.2010382211 3.8117437866 0.3402874362
1.2500000000 -0.0065249444 0.0952174218 0.7980599369 0.2049683069 3.8040907335 0.3304533780
1.2600000000 -0.0008908371 0.1016097328 0.9078288183 0.2225255592 3.8720238190 0.3924324629
1.2700000000 -0.0022526482 0.1043658996 1.0493912720 0.2492394093 3.9217244499 0.4318352411
1.2800000000 -0.0352921089 0.0894221672 1.1696135423 0.2678053976 3.8734615212 0.3753297168
1.2900000000 -0.1038321904 0.0567931763 1.2172602645 0.2628226096 3.7851103409 0.2836373083
1.3000000000 -0.1637549511 0.0331546865 1.2048329394 0.2437760761 3.6712243160 0.1723616337
1.3100000000 -0.2076694737 0.0180273659 1.1951271181 0.2312394097 3.5457120223 0.0568172788
1.3200000000 -0.2513204497 0.0014573268 1.1999887227 0.2251078917 3.4376320332 -0.0351605425
1.3300000000 -0.2946964060 -0.0166872800 1.1831443741 0.2102568718 3.3124911256 -0.1375551536
1.3400000000 -0.3381567906 -0.0359452570 1.1347064742 0.1855831425 3.1720798064 -0.2472848308
1.3500000000 -0.3577292373 -0.0419736735 1.0777305973 0.1592059441 3.0566759574 -0.3257362283
1.3600000000 -0.3598046201 -0.0409195078 1.0146716424 0.1307986015 2.9826166872 -0.3592728901
1.3700000000 -0.3843017719 -0.0555095502 0.9439392255 0.0993124970 2.8955533603 -0.4027881692
1.3800000000 -0.4105683036 -0.0693489598 0.9157790712 0.0832953167 2.7310321741 -0.5165381670
1.3900000000 -0.4352850152 -0.0826372417 0.9464985938 0.0840931377 2.5601854108 -0.6282544958
1.4000000000 -0.4752651140 -0.1039945546 0.9374125845 0.0659191323 2.4661554929 -0.6598843321
1.4100000000 -0.5233256715 -0.1288758374 0.8791163012 0.0334864413 2.3929339146 -0.6700212211
1.4200000000 -0.5778563436 -0.1561390024 0.7958954493 -0.0050713780 2.3811677665 -0.6202082839
1.4300000000 -0.6494711861 -0.1928464892 0.6889885901 -0.0485423083 2.4161685560 -0.5303458397
1.4400000000 -0.7378684730 -0.2373794728 0.6005504101 -0.0832998558 2.4693123066 -0.4287735687
1.4500000000 -0.8098177709 -0.2705149604 0.5578566583 -0.1021379935 2.6290874845 -0.2335145240
1.4600000000 -0.8666069543 -0.2962571687 0.5463929929 -0.1127517747 2.7898013425 -0.0521858563
1.4700000000 -0.9078265715 -0.3141106880 0.5239341916 -0.1287310256 2.9235020083 0.0907916511
1.4800000000 -0.9186837952 -0.3162225693 0.4925233974 -0.1459043514 3.0165095223 0.1826389598
1.4900000000 -0.8991406985 -0.3031917484 0.4578350973 -0.1621559176 3.0974992773 0.2555113938
1.5000000000 -0.8764873159 -0.2915092114 0.4132622379 -0.1793032110 3.2336537713 0.3728709045
1.5100000000 -0.8667420392 -0.2870822185 0.4118658497 -0.1776375791 3.3039566589 0.4174116802
1.5200000000 -0.8561581365 -0.2800980234 0.4777384604 -0.1530464003 3.2983324387 0.3855468374
1.5300000000 -0.8639290071 -0.2824161048 0.5696823355 -0.1211319287 3.2288188159 0.2928488372
1.5400000000 -0.8704405697 -0.2798781877 0.6183907381 -0.1047221420 3.1125267626 0.1610546514
1.5500000000 -0.8617760153 -0.2674318221 0.5931637197 -0.1087379650 2.9657127628 0.0079076026
1.5600000000 -0.8941151626 -0.2792381071 0.5445782255 -0.1132394893 2.8268307263 -0.1267753915
1.5700000000 -0.9543231557 -0.3026835872 0.5800391525 -0.0826323760 2.7106125988 -0.2306386250
1.5800000000 -0.9958239965 -0.3121487324 0.6925717345 -0.0294672422 2.5832826589 -0.3362209428
1.5900000000 -1.0057082466 -0.3035506167 0.7353690817 -0.0055014783 2.4774567831 -0.4123946706
1.6000000000 -1.0055233576 -0.2927764906 0.7063012770 -0.0014996627 2.3631391043 -0.4897149728
1.6100000000 -0.9990123760 -0.2799212916 0.7167744537 0.0219824221 2.2203313958 -0.5866557126
1.6200000000 -1.0033541437 -0.2760888036 0.7479551508 0.0502336018 2.0205771172 -0.7297528887
1.6300000000 -1.0388719236 -0.2899198640 0.7688494684 0.0739570358 1.8644992861 -0.8192693754
1.6400000000 -1.0753194519 -0.3022582475 0.7797715796 0.0926006686 1.7997939652 -0.8154849335
1.6500000000 -1.0747313246 -0.2924031234 0.7695273749 0.1035563957 1.7833319068 -0.7640533469
1.6600000000 -1.0447315493 -0.2695050086 0.7172936804 0.0984869311 1.7743053459 -0.7083606023
1.6700000000 -1.0080740633 -0.2462654278 0.6105989976 0.0752609857 1.7393791114 -0.6799233008
1.6800000000 -0.9838321579 -0.2330507981 0.5161333530 0.0576465367 1.6954612842 -0.6624130192
1.6900000000 -0.9969855195 -0.2415439516 0.4381268112 0.0415218280 1.6539820230 -0.6442892306
1.7000000000 -1.0074022808 -0.2449868314 0.3533523350 0.0189708040 1.6515896231 -0.5914902614
1.7100000000 -0.9804014896 -0.2265970939 0.3171313812 0.0106222418 1.6116815854 -0.5797398623
1.7200000000 -0.9492184858 -0.2093442085 0.2972922188 0.0005471138 1.5172141071 -0.6216648652
1.7300000000 -0.9117711402 -0.1893763007 0.2747147040 -0.0132028342 1.4988352616 -0.5900839199
1.7400000000 -0.8469771454 -0.1551575821 0.2751487962 -0.0217785411 1.5564242181 -0.4907102510
1.7500000000 -0.7807130379 -0.1230213101 0.2924611529 -0.0264792928 1.6059298224 -0.4068397256
1.7600000000 -0.7291966716 -0.1002413732 0.3118513059 -0.0328433617 1.6219431765 -0.3617768561
1.7700000000 -0.6904198736 -0.0840242235 0.3347623354 -0.0375551254 1.5978617313 -0.3594180625
1.7800000000 -0.6620503642 -0.0724649785 0.3794498224 -0.0346810012 1.5435038881 -0.3877102207
1.7900000000 -0.6243250946 -0.0539129628 0.4455850595 -0.0242140219 1.4682627637 -0.4356221522
1.8000000000 -0.6028453751 -0.0463349430 0.5003859789 -0.0185191278 1.3843056638 -0.4899260607
1.8100000000 -0.5987040474 -0.0471403197 0.5620251730 -0.0069952560 1.2669843081 -0.5735294591
1.8200000000 -0.6165578106 -0.0609724575 0.6575695147 0.0172575131 1.0927380935 -0.7061411782
1.8300000000 -0.6578197477 -0.0862048433 0.7901646752 0.0555875788 0.8533535817 -0.8923305571
1.8400000000 -0.7038032968 -0.1136494798 0.9699027637 0.1098868394 0.6272888874 -1.0528940286
1.8500000000 -0.7579162126 -0.1459319703 1.1538903520 0.1648930271 0.4212086203 -1.1841014688
1.8600000000 -0.8121032035 -0.1792904153 1.3476099832 0.2259657718 0.2400331337 -1.2811477276
1.8700000000 -0.8757150743 -0.2199160806 1.5325401380 0.2850325827 0.1238542355 -1.3091660908
1.8800000000 -0.9358700916 -0.2592170086 1.6269342053 0.3148793353 0.0476727050 -1.2956871684
1.8900000000 -0.9746308423 -0.2879297480 1.5972073026 0.3081998776 -0.0114568245 -1.2658935020
1.9000000000 -0.9978808281 -0.3107148944 1.5207566792 0.2948536815 -0.0568847752 -1.2239535762
1.9100000000 -1.0131577202 -0.3314903999 1.4361609244 0.2806573404 -0.0814601117 -1.1649441214
1.9200000000 -1.0157768983 -0.3462466708 1.3504652991 0.2656666533 -0.0970162005 -1.1014124294
1.9300000000 -1.0184813999 -0.3625276057 1.3080799472 0.2621151794 -0.0695755285 -1.0018277403
1.9400000000 -1.0128193741 -0.3727859096 1.2318663772 0.2383489768 -0.0605118795 -0.9280189249
1.9500000000 -0.9926253150 -0.3745029782 1.1053163974 0.1953677155 -0.0809409452 -0.8879554426
1.9600000000 -0.9665731969 -0.3719765790 1.0080044745 0.1610755870 -0.0431326559 -0.7971363944
1.9700000000 -0.9533029191 -0.3762590031 0.9458393218 0.1336227096 0.0398583044 -0.6715209341
1.9800000000 -0.9585451337 -0.3877307686 0.9221835978 0.1140554935 0.1200599069 -0.5586451466
1.9900000000 -0.9663574103 -0.3969141570 0.9231403087 0.0967682562 0.1789694391 -0.4752926497
2.0000000000 -0.9466140271 -0.3863389151 0.8959929925 0.0652484060 0.2149421677 -0.4212105564
2.0100000000 -0.9271838090 -0.3771412558 0.8616516773 0.0320826576 0.1906039007 -0.4302208911
2.0200000000 -0.9464913493 -0.3885451225 0.8481092205 0.0058465336 0.1712307633 -0.4349866353
2.0300000000 -0.9726452555 -0.3994990186 0.8241128949 -0.0250130283 0.1808314805 -0.4140552218
2.0400000000 -0.9699031417 -0.3906020428 0.8014293005 -0.0537296877 0.1780958076 -0.4066751750
2.0500000000 -0.9412241104 -0.3678999146 0.7707618821 -0.0848756477 0.1580750416 -0.4169013450
2.0600000000 -0.9370224656 -0.3617771311 0.7010686500 -0.1273674645 0.0819578694 -0.4798822923
2.0700000000 -0.9581777318 -0.3682593319 0.6446702312 -0.1602344478 0.0424442005 -0.5032003906
2.0800000000 -0.9539882277 -0.3571371388 0.6116835684 -0.1840492699 0.0375040159 -0.4925900706
2.0900000000 -0.9289584404 -0.3356496457 0.5703190933 -0.2095251139 -0.0647990977 -0.5743743941
2.1000000000 -0.9253538180 -0.3288419716 0.5548387175 -0.2227234522 -0.2461201447 -0.7246594742
2.1100000000 -0.9284273839 -0.3246124081 0.5695890560 -0.2244852063 -0.3896455839 -0.8281913974
2.1200000000 -0.9059294190 -0.3052368667 0.5793644560 -0.2267522207 -0.4974970537 -0.8905535965
2.1300000000 -0.8800642575 -0.2866587150 0.6016307952 -0.2207046488 -0.6400766648 -0.9802952878
2.1400000000 -0.8304115796 -0.2545516141 0.6864308003 -0.1894236961 -0.8244595848 -1.1024257414
2.1500000000 -0.7607016844 -0.2147368462 0.7586094809 -0.1641188648 -0.9690648543 -1.1770060230
2.1600000000 -0.7013203745 -0.1830557893 0.7769032513 -0.1522721042 -1.0128263065 -1.1499419134
2.1700000000 -0.6631353175 -0.1647229449 0.8309449660 -0.1208346568 -1.0555896552 -1.1229509299
2.1800000000 -0.6520873634 -0.1605210475 0.9210547308 -0.0755666020 -1.1247196861 -1.1213028567
2.1900000000 -0.6406068537 -0.1539060353 0.9381931223 -0.0563818396 -1.1809010221 -1.1074286943
2.2000000000 -0.6155854036 -0.1394625310 0.8719134410 -0.0593372606 -1.1687185806 -1.0292497309
2.2100000000 -0.5841676653 -0.1233596608 0.8091370084 -0.0543667883 -1.1412069354 -0.9430597060
2.2200000000 -0.5652827120 -0.1168700634 0.7516721872 -0.0470872491 -1.1106135120 -0.8594944557
2.2300000000 -0.5466834522 -0.1108206529 0.6536994810 -0.0552757514 -1.0540699915 -0.7587904572
2.2400000000 -0.5345689767 -0.1105490992 0.5775531508 -0.0539426202 -1.0202096170 -0.6875624490
2.2500000000 -0.5365657720 -0.1188614847 0.5093172451 -0.0552615979 -0.9246740094 -0.5639304620
2.2600000000 -0.5461083066 -0.1322196195 0.4447099353 -0.0565720346 -0.8686982076 -0.4892047223
2.2700000000 -0.5423985399 -0.1376768623 0.4094968817 -0.0524390996 -0.8611325953 -0.4660582991
2.2800000000 -0.5291752752 -0.1406326804 0.3856199216 -0.0478358799 -0.7983509119 -0.3947309506
2.2900000000 -0.5247926810 -0.1505481455 0.4266973510 -0.0238171986 -0.7276783175 -0.3224164493
2.3000000000 -0.4981637808 -0.1479990314 0.4757431797 -0.0044195586 -0.7112804069 -0.3082248095
2.3100000000 -0.4641806635 -0.1443462319 0.4662319484 -0.0077410128 -0.6754298147 -0.2769378753
2.3200000000 -0.4323182969 -0.1427584912 0.4540034882 -0.0095284685 -0.5355746348 -0.1504572344
2.3300000000 -0.3833141559 -0.1316343234 0.4918705034 0.0058891033 -0.3767080483 -0.0150108753
2.3400000000 -0.3422233836 -0.1266169110 0.5364650475 0.0192328997 -0.2309281217 0.0990961602
2.3500000000 -0.2990566030 -0.1187545067 0.5516458258 0.0210101558 -0.1578011476 0.1357151321
2.3600000000 -0.2437393589 -0.1036601642 0.6086859089 0.0392162823 -0.1794724519 0.0798536608
2.3700000000 -0.2085578734 -0.1002462572 0.7165701917 0.0716242203 -0.2721018082 -0.0406502300
2.3800000000 -0.1809140345 -0.0982570724 0.8065553921 0.0943517475 -0.3857530780 -0.1729057824
2.3900000000 -0.1513178668 -0.0934460580 0.8982668736 0.1189840938 -0.4239834269 -0.2244555920
2.4000000000 -0.1481218302 -0.1029631568 0.9783832027 0.1386707848 -0.4428348245 -0.2535713277
2.4100000000 -0.1679257181 -0.1225184112 0.9928898073 0.1366804240 -0.4769993308 -0.2931329668
2.4200000000 -0.2059964778 -0.1501228533 1.0050531974 0.1389525779 -0.5407261906 -0.3568577867
2.4300000000 -0.2494584677 -0.1778750312 1.0423111646 0.1496167091 -0.6328755678 -0.4412512728
2.4400000000 -0.2632662034 -0.1872530510 1.0961158842 0.1650474576 -0.6659778947 -0.4623034349
2.4500000000 -0.2521256879 -0.1846877867 1.1329281793 0.1712062567 -0.7296932269 -0.5103617964
2.4600000000 -0.2337735033 -0.1806997335 1.1286551248 0.1636743985 -0.8553051448 -0.6117205857
2.4700000000 -0.2190121848 -0.1805083011 1.1129269625 0.1532605353 -0.9386733812 -0.6653105197
2.4800000000 -0.2007338996 -0.1779034815 1.0839916195 0.1382134100 -0.9994471798 -0.6932462493
2.4900000000 -0.1934795633 -0.1822535891 1.0280252671 0.1130116871 -1.0293378985 -0.6887090616
2.5000000000 -0.1805886278 -0.1807866905 0.9722520608 0.0887404012 -1.0083175780 -0.6356728687
2.5100000000 -0.1579333876 -0.1740923612 0.9596711643 0.0781176283 -0.9950424644 -0.5932613050
2.5200000000 -0.1746208071 -0.1903405509 0.9699940157 0.0712061198 -0.9946736790 -0.5656666196
2.5300000000 -0.2018883248 -0.2084258498 1.0020908485 0.0695909219 -0.9060644232 -0.4561907579
2.5400000000 -0.1925358586 -0.2030588220 1.0766464800 0.0805507927 -0.7612594567 -0.3020956207
2.5500000000 -0.1662868417 -0.1901784352 1.1580081437 0.0908072911 -0.7081939171 -0.2463327988
2.5600000000 -0.1660822992 -0.1943738359 1.2368503919 0.1007227582 -0.8195043337 -0.3520257351
2.5700000000 -0.2006096529 -0.2170375995 1.3119026124 0.1100008900 -1.0281633537 -0.5448098322
2.5800000000 -0.2213107889 -0.2276319602 1.3201089514 0.0970876358 -1.2011343148 -0.6930410014
2.5900000000 -0.2082838379 -0.2191334693 1.2628856197 0.0674423434 -1.3052751656 -0.7676410956
2.6000000000 -0.1802330245 -0.2042889253 1.1588949897 0.0262138244 -1.3423725239 -0.7739123466
2.6100000000 -0.1408730377 -0.1849066902 1.0521972364 -0.0107520728 -1.3222756086 -0.7253713173
2.6200000000 -0.1006812281 -0.1665536780 0.9715904549 -0.0389714887 -1.2398513744 -0.6201834674
2.6300000000 -0.0315147815 -0.1306719670 0.8853595850 -0.0709483792 -1.1482815995 -0.5134496301
2.6400000000 0.0276245568 -0.1040899942 0.7885563158 -0.1075212310 -1.0185667728 -0.3766436976
2.6500000000 0.0655058926 -0.0874383870 0.6808339705 -0.1479634669 -0.8261819492 -0.1904013065
2.6600000000 0.1341709443 -0.0508881912 0.5807120307 -0.1851571269 -0.6206201868 -0.0042355585
2.6700000000 0.2245603791 -0.0027357171 0.4924737870 -0.2188889671 -0.4001621448 0.1826558290
2.6800000000 0.3155046937 0.0440172848 0.4325951776 -0.2425948807 -0.0991680149 0.4329828472
2.6900000000 0.3450435765 0.0538681465 0.3459805417 -0.2784478893 0.2050795183 0.6672406377
2.7000000000 0.3423725838 0.0515540584 0.2631180500 -0.3083111635 0.4307246478 0.8105837482
2.7100000000 0.3434524533 0.0540524429 0.2646335024 -0.3081762378 0.6482429540 0.9347081000
2.7200000000 0.3213897314 0.0439145188 0.2697486075 -0.3102513175 0.7983231257 0.9842538926
2.7300000000 0.2694207359 0.0168264997 0.2662467973 -0.3128753840 0.7995205690 0.8875576487
2.7400000000 0.2190146189 -0.0073508393 0.2816179734 -0.3062834950 0.6550824132 0.6577555377
2.7500000000 0.2181782580 -0.0042224346 0.3294878170 -0.2852388096 0.4434031688 0.3788847408
2.7600000000 0.2441699722 0.0079953319 0.3865607627 -0.2605200246 0.2772162614 0.1623243914
2.7700000000 0.2929573000 0.0287343655 0.4246014982 -0.2391227881 0.1201430406 -0.0300780511
2.7800000000 0.3494555870 0.0484098307 0.4542046696 -0.2166798839 -0.0012290368 -0.1718185010
2.7900000000 0.3824202525 0.0520919528 0.4657309451 -0.1967421356 -0.0397609603 -0.2224236615
2.8000000000 0.3897184368 0.0413637465 0.4288164125 -0.1906215837 -0.0436616235 -0.2324562220
2.8100000000 0.3798709722 0.0231923527 0.3324148492 -0.2002575156 -0.0218096101 -0.2135285397
2.8200000000 0.3642970886 0.0035988454 0.2294563750 -0.2069951192 -0.0094418199 -0.2015322527
2.8300000000 0.3557096742 -0.0105510175 0.1854592391 -0.1917652847 -0.0076196802 -0.1975562457
2.8400000000 0.3521687190 -0.0225217446 0.1715528268 -0.1711761219 0.0084502485 -0.1784495196
2.8500000000 0.3538248563 -0.0316852556 0.1380154711 -0.1607058127 0.0128260964 -0.1707628539
2.8600000000 0.3752019336 -0.0300972130 0.0888980439 -0.1567155906 0.0069863177 -0.1723744146
2.8700000000 0.4210147933 -0.0156799835 0.0459342982 -0.1506655085 -0.0114437494 -0.1860833640
2.8800000000 0.4779424221 0.0029549918 0.0130793127 -0.1432481644 0.0421520756 -0.1298971260
2.8900000000 0.5304273375 0.0184282949 -0.0568991328 -0.1516336193 0.1924305202 0.0131510290
2.9000000000 0.5842293545 0.0358770572 -0.1347746132 -0.1615508931 0.3244120353 0.1289120294
2.9100000000 0.6125599057 0.0392471452 -0.1658717281 -0.1566610376 0.3925011741 0.1753443699
2.9200000000 0.6052628278 0.0260237373 -0.1900942859 -0.1544513395 0.4005945109 0.1602801355
2.9300000000 0.5945995541 0.0157951966 -0.1961574061 -0.1475546811 0.3950549613 0.1314862491
2.9400000000 0.5821425857 0.0067525329 -0.1787713959 -0.1362982095 0.3884859759 0.1016612041
2.9500000000 0.5721156979 0.0008743012 -0.1711733624 -0.1307693896 0.3756794766 0.0665481624
2.9600000000 0.5938525868 0.0141220625 -0.1454485001 -0.1191023944 0.3980308520 0.0663153772
2.9700000000 0.6418138220 0.0400062983 -0.0684329583 -0.0906936289 0.4515502004 0.0947928018
2.9800000000 0.6856979704 0.0609217849 0.0143523427 -0.0643983720 0.5417459961 0.1563472738
2.9900000000 0.7293289942 0.0818797259 0.0619167872 -0.0505183169 0.6483309404 0.2288909844
3.0000000000 0.7732412092 0.1030958285 0.1298688259 -0.0265487975 0.7403418079 0.2830962214
3.0100000000 0.8048593140 0.1179727580 0.2269185845 0.0067088705 0.8170331936 0.3188277582
3.0200000000 0.8363791034 0.1347246951 0.3165339764 0.0364035869 0.8972426079 0.3556688365
3.0300000000 0.8710039770 0.1540117970 0.4237891836 0.0734998306 1.0047236321 0.4156308012
3.0400000000 0.9187030239 0.1817217533 0.5071006856 0.1003204934 1.1085870222 0.4681436487
3.0500000000 0.9651877482 0.2072498252 0.5119774298 0.1018294267 1.1975272869 0.5031614196
3.0600000000 0.9870745718 0.2186873814 0.4354463827 0.0787893634 1.2433772645 0.4947909558
3.0700000000 1.0085874279 0.2319984055 0.3284637936 0.0509440793 1.2188294857 0.4202562695
3.0800000000 1.0143411354 0.2357465520 0.2460660030 0.0321619713 1.1887116179 0.3458570624
3.0900000000 0.9879224515 0.2222058181 0.1807310792 0.0160756194 1.2111986351 0.3266200388
3.1000000000 0.9563626622 0.2078700711 0.1189315674 -0.0031610600 1.2905094140 0.3636443508
3.1100000000 0.9447590266 0.2055369514 0.0875529829 -0.0142855264 1.4219132281 0.4489905205
3.1200000000 0.9506990934 0.2105986560 0.1252448690 -0.0056303129 1.5296272295 0.5071989890
3.1300000000 0.9534273763 0.2105574945 0.1489437322 -0.0093189137 1.5990245355 0.5267679945
3.1400000000 0.9655342834 0.2146971552 0.1987809217 -0.0021709115 1.6689553732 0.5461027246
3.1500000000 1.0081866099 0.2346444005 0.2618074361 0.0048229374 1.6845775355 0.5128195381
3.1600000000 1.0460210041 0.2476982744 0.2606895307 -0.0095039023 1.6616324139 0.4460171755
3.1700000000 1.0355467447 0.2318180150 0.2392755327 -0.0272503903 1.5959754573 0.3428369848
3.1800000000 1.0149112404 0.2143155165 0.2411757133 -0.0333144069 1.5625491814 0.2786128199
3.1900000000 1.0227874727 0.2149791594 0.2474117901 -0.0393236793 1.6245370398 0.3093463382
3.2000000000 1.0508797924 0.2259388757 0.2589203792 -0.0417433432 1.7144665398 0.3659819275
3.2100000000 1.0840636997 0.2377031384 0.2920411614 -0.0373197438 1.7967114753 0.4126591664
3.2200000000 1.1125875892 0.2459625802 0.2479972011 -0.0611792510 1.8410286156 0.4211891204
3.2300000000 1.1289355418 0.2473860565 0.2092225946 -0.0753504539 1.9109217982 0.4543685345
3.2400000000 1.1358059492 0.2451138323 0.1895012812 -0.0846155978 1.9970946897 0.5004910900
3.2500000000 1.1423705828 0.2443363358 0.1397094074 -0.1025734951 2.0612508875 0.5232368968
3.2600000000 1.1383041047 0.2382360305 0.1087020047 -0.1128049657 2.1189687259 0.5382191068
3.2700000000 1.1125502344 0.2210283939 0.1035776165 -0.1136392901 2.1747700363 0.5504126262
3.2800000000 1.0851092087 0.2056350464 0.1274880618 -0.1057237476 2.2424269730 0.5728751918
3.2900000000 1.0700710825 0.1982131379 0.1658340926 -0.0936970263 2.2723785714 0.5576286978
3.3000000000 1.0742519479 0.2017564861 0.2062957131 -0.0812795635 2.2591543106 0.5026138518
3.3100000000 1.1047392484 0.2188764568 0.2273993789 -0.0746826951 2.2948423000 0.4978075399
3.3200000000 1.1452355437 0.2393538327 0.2465993728 -0.0657511976 2.3996382559 0.5587904937
3.3300000000 1.1839314995 0.2577955518 0.2652645517 -0.0558441761 2.5012466980 0.6130123789
3.3400000000 1.2128827014 0.2708708310 0.2409094447 -0.0599723266 2.5653143907 0.6285895042
3.3500000000 1.2008753657 0.2612881075 0.2129924262 -0.0609693046 2.6738169593 0.6860530651
3.3600000000 1.1665171702 0.2440247415 0.2019514746 -0.0559975041 2.7847296442 0.7412723020
3.3700000000 1.1363506214 0.2322276655 0.1969245472 -0.0489487020 2.8064634909 0.7087028087
3.3800000000 1.1222650003 0.2314523051 0.2181318181 -0.0336495937 2.8045438716 0.6560005779
3.3900000000 1.1224089871 0.2373584137 0.1908057973 -0.0385603717 2.8433819050 0.6454092885
3.4000000000 1.1102305059 0.2346044709 0.1273658369 -0.0523024822 2.8700646724 0.6237285305
3.4100000000 1.0802736514 0.2216809047 0.0956211339 -0.0538411475 2.9072492545 0.6147051823
3.4200000000 1.0477606426 0.2088811760 0.0743290659 -0.0538543562 3.0130397494 0.6716703748
3.4300000000 1.0322997367 0.2064421509 0.0313825693 -0.0636966262 3.0746432124 0.6831985982
3.4400000000 1.0205554997 0.2044969907 -0.0099366097 -0.0721683947 3.0863474895 0.6479486721
3.4500000000 1.0132060919 0.2046846976 -0.0692265834 -0.0893261848 3.1891889292 0.7022784855
3.4600000000 0.9922393802 0.1953871046 -0.1075066938 -0.0969551724 3.3008850183 0.7608967382
3.4700000000 0.9655722415 0.1845856434 -0.0677510473 -0.0804291444 3.3696512221 0.7764363271
3.4800000000 0.9617630382 0.1873561215 -0.0329714051 -0.0713839077 3.4444520674 0.7965769502
3.4900000000 0.9801395840 0.2019120355 -0.0408582234 -0.0778244748 3.4212943611 0.7221428461
3.5000000000 0.9983902298 0.2137758900 -0.0824343356 -0.0938695391 3.3691653820 0.6261971927
3.5100000000 0.9889394747 0.2093259385 -0.1277323617 -0.1080918646 3.4319757722 0.6456348436
3.5200000000 0.9758521945 0.2055682154 -0.1522021213 -0.1144240368 3.4876959436 0.6567936617
3.5300000000 0.9574786797 0.1994896138 -0.1644379809 -0.1175257681 3.4571464595 0.5867609442
3.5400000000 0.9359295508 0.1933997034 -0.1557930514 -0.1139391187 3.3633742074 0.4615342581
3.5500000000 0.9149702718 0.1877854711 -0.1075895384 -0.0976056868 3.2852289987 0.3605539857
3.5600000000 0.8966944567 0.1845190145 -0.0128810920 -0.0668423352 3.3047455122 0.3593445799
3.5700000000 0.8716695558 0.1763691203 0.1047602116 -0.0305258149 3.2853502047 0.3215939720
3.5800000000 0.8369029458 0.1635747063 0.1847740111 -0.0083402040 3.2886767660 0.3104702005
3.5900000000 0.8097321058 0.1556075803 0.2556090783 0.0154588847 3.4066480109 0.4089357127
3.6000000000 0.7717067246 0.1405774676 0.3418405398 0.0462368694 3.4623679707 0.4421995575
3.6100000000 0.7329281981 0.1260988051 0.4046564989 0.0698883656 3.4732266489 0.4321143079
3.6200000000 0.7155854548 0.1239540288 0.4007892556 0.0716145226 3.5994723307 0.5322629417
3.6300000000 0.7251371349 0.1358408223 0.3644500070 0.0678471889 3.7408857514 0.6390407120
3.6400000000 0.7282604797 0.1405462765 0.3491190264 0.0730183420 3.7594228272 0.6222155399
3.6500000000 0.7154559957 0.1365112266 0.3722416896 0.0908182390 3.7013876323 0.5332126078
3.6600000000 0.7088183309 0.1372287620 0.3796837576 0.0975978804 3.6245795486 0.4311444711
3.6700000000 0.7252631292 0.1522343795 0.3350515062 0.0861071264 3.5825203497 0.3682153519
3.6800000000 0.7357803493 0.1615015128 0.2495174434 0.0603946042 3.5209187537 0.2899042714
3.6900000000 0.7157435311 0.1541366602 0.1737141108 0.0405679247 3.4428984248 0.2020584151
3.7000000000 0.6860181970 0.1438072643 0.1534439040 0.0368415847 3.3979116682 0.1512303600
3.7100000000 0.6269483251 0.1178032105 0.1346522705 0.0279634611 3.3862057687 0.1362738430
3.7200000000 0.5575153736 0.0895422138 0.1244082528 0.0198317838 3.4514690275 0.1962128945
3.7300000000 0.4977788076 0.0676948865 0.1381939048 0.0173301053 3.5609998204 0.2948238563
3.7400000000 0.4321375966 0.0417735039 0.1693765337 0.0186112583 3.6623609492 0.3799166642
3.7500000000 0.3840159295 0.0260364730 0.2024355705 0.0182767709 3.7007113844 0.3995006541
3.7600000000 0.3487141941 0.0149633371 0.1885380774 0.0006522864 3.6651178048 0.3475135341
3.7700000000 0.2968039961 -0.0078743732 0.1686001147 -0.0149460046 3.6096181366 0.2794040884
3.7800000000 0.2531253690 -0.0251226461 0.1636813246 -0.0252626687 3.5455683832 0.2068547619
3.7900000000 0.2190257299 -0.0382581989 0.1866147533 -0.0246628282 3.4584902368 0.1168286112
3.8000000000 0.1767231953 -0.0568067183 0.2411934239 -0.0153310091 3.4047422530 0.0646912836
3.8100000000 0.1399788780 -0.0716534714 0.2771018183 -0.0135309211 3.4163401935 0.0779993106
3.8200000000 0.1339369091 -0.0683284685 0.3193514802 -0.0072303850 3.4235097729 0.0865435286
3.8300000000 0.1432358785 -0.0587802252 0.3948743226 0.0117914651 3.3831332072 0.0500068899
3.8400000000 0.1457117329 -0.0540326072 0.4703525271 0.0300255441 3.3334441605 0.0075351781
3.8500000000 0.1594105831 -0.0417694407 0.4784776218 0.0254644762 3.3194121551 0.0018525350
3.8600000000 0.1668163410 -0.0334535438 0.4541343053 0.0161776383 3.3527678726 0.0418010059
3.8700000000 0.1474372464 -0.0389454543 0.4267299453 0.0084351763 3.4161395466 0.1078098774
3.8800000000 0.1077816436 -0.0529515494 0.3879214404 -0.0011425291 3.4672960701 0.1579658407
3.8900000000 0.0543633844 -0.0716788857 0.3793705560 0.0008614778 3.5208546628 0.2073091263
3.9000000000 0.0076170084 -0.0838389031 0.4000999148 0.0110703974 3.5747216318 0.2530111054
3.9100000000 -0.0413998716 -0.0976798819 0.4486585445 0.0292518048 3.5424776401 0.2131290702
3.9200000000 -0.0996890646 -0.1164796021 0.5172812162 0.0519948618 3.5215128631 0.1869315732
3.9300000000 -0.1518961270 -0.1316162316 0.6032316965 0.0800436700 3.5692212507 0.2261397147
3.9400000000 -0.1997832356 -0.1451776580 0.6780714519 0.1025321705 3.6104439059 0.2565598628
3.9500000000 -0.2393239919 -0.1548828019 0.6803890067 0.1005496623 3.6786894412 0.3107045588
3.9600000000 -0.2884767876 -0.1722513352 0.6572302577 0.0954324804 3.7558177882 0.3692045557
3.9700000000 -0.3589382992 -0.2018960187 0.6363830360 0.0923702747 3.8172584925 0.4090661854
3.9800000000 -0.3994254953 -0.2122041280 0.5578900810 0.0685787774 3.8690732704 0.4367787460
3.9900000000 -0.4037835978 -0.2046070752 0.4790145140 0.0482827610 3.8777149394 0.4212562338
4.0000000000 -0.4040002695 -0.1980329305 0.4161593438 0.0308376523 3.8707958089 0.3920243584
4.0100000000 -0.3943895770 -0.1871424037 0.3163385572 -0.0017653826 3.7997849586 0.3028819622
4.0200000000 -0.3791351045 -0.1742099060 0.2243863574 -0.0313695010 3.6181490211 0.1149387490
4.0300000000 -0.3668236426 -0.1631208471 0.1670841886 -0.0513695175 3.3892567404 -0.1054534669
4.0400000000 -0.3465575450 -0.1464535860 0.1484800473 -0.0612086040 3.1567349866 -0.3142485734
4.0500000000 -0.3233236677 -0.1280823663 0.1652473560 -0.0628776127 2.9782124851 -0.4566973896
4.0600000000 -0.3219775205 -0.1221077482 0.1899882481 -0.0649541669 2.8284836030 -0.5611542703
4.0700000000 -0.3423580637 -0.1261953803 0.2128415636 -0.0683622294 2.6441213773 -0.6894867331
4.0800000000 -0.3930857333 -0.1457931095 0.2433144603 -0.0681979605 2.4784521923 -0.7893243105
4.0900000000 -0.4392802200 -0.1583963911 0.2787631100 -0.0655643320 2.3912444274 -0.8064931346
4.1000000000 -0.4706232124 -0.1632193077 0.3187413442 -0.0597794392 2.3216413842 -0.8046949850
4.1100000000 -0.5188397009 -0.1791383881 0.4039317666 -0.0360263002 2.2405028010 -0.8124899776
4.1200000000 -0.5799063358 -0.2027806482 0.5046037408 -0.0085975647 2.1807187016 -0.7991058653
4.1300000000 -0.6421668408 -0.2268602195 0.5549378539 0.0022763338 2.1149007407 -0.7926640783
4.1400000000 -0.7010667823 -0.2500863312 0.5834302060 0.0108612204 2.0898603217 -0.7479623754
4.1500000000 -0.7644585676 -0.2774173749 0.6193874358 0.0255062960 2.0763574965 -0.6970944667
4.1600000000 -0.8084864826 -0.2940552512 0.6592255951 0.0431837358 2.0440074375 -0.6681383480
4.1700000000 -0.8057586542 -0.2861163149 0.6749074411 0.0527025907 1.9620798375 -0.6907176323
4.1800000000 -0.7760158308 -0.2677735287 0.6984099659 0.0681731201 1.8802049143 -0.7126677149
4.1900000000 -0.7396206728 -0.2490777968 0.7235344968 0.0827289811 1.8722136197 -0.6657616220
4.2000000000 -0.7304809429 -0.2484314962 0.7316843926 0.0923080414 1.8722419871 -0.6159940106
4.2100000000 -0.7356200367 -0.2526507566 0.7028203920 0.0878646573 1.8648841408 -0.5781460828
4.2200000000 -0.7531843808 -0.2627109317 0.6360802238 0.0729037786 1.8781572868 -0.5246085243
4.2300000000 -0.7650443238 -0.2654449327 0.6035416438 0.0710535114 1.9245191699 -0.4449469478
4.2400000000 -0.7336141270 -0.2427638949 0.5878005196 0.0713199601 1.9102072954 -0.4300700377
4.2500000000 -0.7050450119 -0.2247320708 0.5159377711 0.0481762715 1.9341806347 -0.3799542126
4.2600000000 -0.7039499608 -0.2226410589 0.3531444370 -0.0059520450 2.0138806510 -0.2828687901
4.2700000000 -0.7018217371 -0.2170868230 0.1443778441 -0.0722997922 2.0518292385 -0.2321416978
4.2800000000 -0.6668039402 -0.1911823022 0.0002329004 -0.1139517914 2.0884126135 -0.1870398584
4.2900000000 -0.6323175266 -0.1682198477 -0.0533655204 -0.1306979007 2.0544941879 -0.2132046215
4.3000000000 -0.6080563541 -0.1505928273 -0.1145290239 -0.1590952200 1.9535857547 -0.3014277242
4.3100000000 -0.5799599643 -0.1303482215 -0.2253835899 -0.2070441535 1.8942868727 -0.3448060412
4.3200000000 -0.5769578484 -0.1247620770 -0.3398414185 -0.2541957100 1.8997892728 -0.3239836158
4.3300000000 -0.5902214965 -0.1261107062 -0.4151166375 -0.2870113172 1.8771031930 -0.3311817264
4.3400000000 -0.5851199290 -0.1150095275 -0.4324825075 -0.3009543698 1.8394106280 -0.3506280588
4.3500000000 -0.5676065779 -0.0983174176 -0.3729310325 -0.2901820217 1.7623995049 -0.4063293640
4.3600000000 -0.5479115691 -0.0819886649 -0.2484827875 -0.2599453954 1.6329015090 -0.5066421716
4.3700000000 -0.5460541862 -0.0780512137 -0.1242396628 -0.2317007127 1.5814572024 -0.5253686186
4.3800000000 -0.5687288349 -0.0876260448 -0.0409020540 -0.2141452929 1.5800073644 -0.4948886879
4.3900000000 -0.5834286751 -0.0911038116 0.0378671548 -0.1905363938 1.5622090705 -0.4804932953
4.4000000000 -0.5781011863 -0.0839892940 0.1018120851 -0.1674175587 1.5212649680 -0.4880821700
4.4100000000 -0.5782349628 -0.0831145992 0.1688460361 -0.1361831770 1.4338284959 -0.5387821490
4.4200000000 -0.5909673607 -0.0904139380 0.2766731147 -0.0873519291 1.4114890679 -0.5230909894
4.4300000000 -0.5946400312 -0.0925721963 0.3999000846 -0.0318298129 1.4295169290 -0.4710098335
4.4400000000 -0.5862158047 -0.0891747272 0.4875951745 0.0120042838 1.4465255100 -0.4219867636
4.4500000000 -0.5595294093 -0.0767193089 0.5082131816 0.0367531019 1.4842317324 -0.3571734073
4.4600000000 -0.5398255926 -0.0714661531 0.5115109305 0.0615529763 1.5112590065 -0.3065886677
4.4700000000 -0.5333587032 -0.0735348474 0.4971886176 0.0814587094 1.5590681343 -0.2402042776
4.4800000000 -0.5195124980 -0.0707502369 0.4637968109 0.0961178996 1.5742900686 -0.2101908819
4.4900000000 -0.4997143617 -0.0645409005 0.3971625849 0.0973780524 1.4986973670 -0.2692963916
4.5000000000 -0.4929408422 -0.0667531289 0.3120736530 0.0927970066 1.3746306290 -0.3713720110
4.5100000000 -0.5305943867 -0.0939606271 0.2367053224 0.0884692428 1.2295425970 -0.4880697203
4.5200000000 -0.5899175881 -0.1293636059 0.1213288931 0.0654557820 1.0028626545 -0.6755459688
4.5300000000 -0.6721193722 -0.1762954398 -0.0043572622 0.0373715161 0.7832920619 -0.8433853283
4.5400000000 -0.7919616260 -0.2424337307 -0.0728093618 0.0256093094 0.6026682386 -0.9639730782
4.5500000000 -0.8967506315 -0.2963616391 -0.1762823533 -0.0081537457 0.4292375065 -1.0685277210
4.5600000000 -0.9853618434 -0.3429849946 -0.3198693380 -0.0565681960 0.2099177752 -1.2096658457
4.5700000000 -1.0566981562 -0.3811548071 -0.3997194894 -0.0846862874 -0.0086091265 -1.3386513207
4.5800000000 -1.0918264748 -0.4016695822 -0.3855417833 -0.0856244812 -0.1339285587 -1.3704126225
4.5900000000 -1.1156527563 -0.4198009857 -0.3173191057 -0.0770755805 -0.2384900168 -1.3794650188
4.6000000000 -1.1195849089 -0.4278585267 -0.2646466225 -0.0791819164 -0.3240463741 -1.3688553306
4.6100000000 -1.1004729284 -0.4244301080 -0.2326796685 -0.0883416335 -0.4336959142 -1.3820602408
4.6200000000 -1.0969586562 -0.4314662498 -0.2139321271 -0.0997909228 -0.5358258643 -1.3867385201
4.6300000000 -1.0648979457 -0.4179663224 -0.2004313112 -0.1101896662 -0.6142182133 -1.3700325244
4.6400000000 -1.0134319228 -0.3946155925 -0.1477402250 -0.1035596438 -0.6934991965 -1.3558009379
4.6500000000 -0.9932621910 -0.3879855356 -0.0502961105 -0.0818026327 -0.7207544860 -1.2944563084
4.6600000000 -0.9922014127 -0.3882345384 0.0276321534 -0.0676340220 -0.6496396873 -1.1449240030
4.6700000000 -1.0117808014 -0.3957600576 0.0738836155 -0.0607709829 -0.5417798024 -0.9725868679
4.6800000000 -1.0383266207 -0.4025481642 0.1071941284 -0.0538620159 -0.4378634515 -0.8165480073
4.6900000000 -1.0252231637 -0.3825438368 0.1469688234 -0.0404060826 -0.3386735167 -0.6780232114
4.7000000000 -1.0008439984 -0.3587792793 0.1718404065 -0.0307644569 -0.3103534764 -0.6185800939
4.7100000000 -0.9973244112 -0.3471171137 0.1403382562 -0.0379788836 -0.3117928564 -0.5937915651
4.7200000000 -0.9834333654 -0.3279791227 0.0834033025 -0.0489017035 -0.3830156759 -0.6405208049
4.7300000000 -0.9548247160 -0.3004731383 0.0508590691 -0.0483147637 -0.4954348173 -0.7247718958
4.7400000000 -0.9282846879 -0.2755692659 0.0815869874 -0.0259029201 -0.5293071987 -0.7310156290
4.7500000000 -0.9126929863 -0.2572295202 0.1259958807 -0.0039026569 -0.5652877600 -0.7404211143
4.7600000000 -0.9022509263 -0.2415108057 0.1161857760 -0.0021735529 -0.5729867359 -0.7216690462
4.7700000000 -0.8747659097 -0.2153811265 0.0978709184 -0.0000965907 -0.5613500451 -0.6867064254
4.7800000000 -0.8336203044 -0.1837899048 0.1015006246 0.0100269715 -0.6354879537 -0.7347966151
4.7900000000 -0.8133276582 -0.1668807852 0.0778029897 0.0086492292 -0.7438566599 -0.8115944982
4.8000000000 -0.8014986136 -0.1544550876 0.0269331171 -0.0008398548 -0.8221301350 -0.8542978242
4.8100000000 -0.7661759354 -0.1286860161 -0.0151608493 -0.0066681349 -0.8910101308 -0.8848001733
4.8200000000 -0.7345004697 -0.1087247669 -0.0562410509 -0.0136402075 -0.9903061718 -0.9410573600
4.8300000000 -0.7131069665 -0.0957688019 -0.0918686937 -0.0198559528 -1.1344004122 -1.0352159732
4.8400000000 -0.6812417100 -0.0779756866 -0.0927339400 -0.0154374481 -1.2608419252 -1.1049145520
4.8500000000 -0.6542602916 -0.0654336842 -0.0486349090 0.0013699242 -1.3313957266 -1.1162792129
4.8600000000 -0.6395124494 -0.0613738059 -0.0565801910 -0.0055628407 -1.3522498564 -1.0782048136
4.8700000000 -0.6308711249 -0.0615498782 -0.1427382770 -0.0366367724 -1.3173265049 -0.9886434076
4.8800000000 -0.6093004424 -0.0547538144 -0.1825489028 -0.0464956011 -1.2766179124 -0.8987395491
4.8900000000 -0.5735038249 -0.0423827766 -0.1430371225 -0.0314897420 -1.1578990732 -0.7394575589
4.9000000000 -0.5416122662 -0.0351005051 -0.0885790256 -0.0168759568 -1.0250499081 -0.5785917675
4.9100000000 -0.5155282933 -0.0325877915 -0.0538181576 -0.0110186004 -0.9125412795 -0.4469780792
4.9200000000 -0.4774356918 -0.0234624188 -0.0047537180 0.0014379777 -0.7913902570 -0.3178404794
4.9300000000 -0.4455367113 -0.0202857329 0.0196862880 0.0038011277 -0.6702650912 -0.1980670210
4.9400000000 -0.4033958379 -0.0102901403 -0.0138905423 -0.0110701283 -0.5050559024 -0.0463512591
4.9500000000 -0.3492926827 0.0044429841 -0.0938860276 -0.0388800692 -0.4841651389 -0.0444722308
4.9600000000 -0.2931639919 0.0201111295 -0.1848490241 -0.0658987148 -0.5756746783 -0.1498044113
4.9700000000 -0.2495321989 0.0270473970 -0.2456472904 -0.0819891403 -0.5969430146 -0.1838640740
4.9800000000 -0.2489124044 0.0105647970 -0.3032763804 -0.0992562888 -0.5801273837 -0.1808415428
4.9900000000 -0.2382637409 0.0046916330 -0.3417094761 -0.1104569343 -0.6188775436 -0.2313599447
5.0000000000 -0.2054064217 0.0117129259 -0.3486005607 -0.1128810770 -0.6300268317 -0.2511266378
5.0100000000 -0.1700120251 0.0194329856 -0.3613712449 -0.1198166743 -0.5652683486 -0.1978896882
5.0200000000 -0.1432800146 0.0212475304 -0.3725289816 -0.1254428252 -0.4644429837 -0.1124293688
5.0300000000 -0.1352416632 0.0132328044 -0.3663729034 -0.1248784034 -0.3321775270 -0.0020038367
5.0400000000 -0.0992201237 0.0243056811 -0.3803921178 -0.1318518518 -0.2418498321 0.0621887221
5.0500000000 -0.0421534712 0.0454632222 -0.4548122405 -0.1581857990 -0.1542626973 0.1206953872
5.0600000000 -0.0102674522 0.0507366425 -0.5709821169 -0.1940621035 0.0003368677 0.2392276517
5.0700000000 -0.0079942579 0.0406711006 -0.6260920757 -0.2036773720 0.1697717329 0.3640432646
5.0800000000 -0.0199866814 0.0259999649 -0.6490809611 -0.2065193021 0.3547132990 0.4961495659
5.0900000000 -0.0370650223 0.0107669037 -0.7011841657 -0.2203226432 0.4812817180 0.5631767654
5.1000000000 -0.0595027685 -0.0060057768 -0.7234157305 -0.2218200973 0.5382312164 0.5604013989
5.1100000000 -0.1043294302 -0.0354741509 -0.7367581407 -0.2218174583 0.5652586095 0.5282032719
5.1200000000 -0.1519034545 -0.0638356995 -0.7812447821 -0.2320557775 0.5361476780 0.4448344172
5.1300000000 -0.1687425112 -0.0741695712 -0.8456898580 -0.2466150977 0.4680282097 0.3296581421
5.1400000000 -0.1771026720 -0.0823379764 -0.8610577638 -0.2402504979 0.3302439894 0.1561525375
5.1500000000 -0.1906817115 -0.0950154069 -0.8097830216 -0.2129562337 0.2138900066 0.0159259769
5.1600000000 -0.1973128441 -0.1036971754 -0.7664424141 -0.1916726450 0.1851728514 -0.0309598967
5.1700000000 -0.1846369049 -0.1014639273 -0.7411730111 -0.1751708395 0.1496625974 -0.0795563757
5.1800000000 -0.1634890994 -0.0957755611 -0.7283795200 -0.1609323521 0.0793376386 -0.1556033810
5.1900000000 -0.1394669379 -0.0885632037 -0.7126074351 -0.1424744247 0.0277666739 -0.2069424989
5.2000000000 -0.1136703870 -0.0801679498 -0.7247345321 -0.1337507360 -0.0197253214 -0.2497450443
5.2100000000 -0.1051611163 -0.0811350289 -0.8040062746 -0.1455086899 -0.1004124234 -0.3198033580
5.2200000000 -0.1100127941 -0.0870817525 -0.9014105870 -0.1590012846 -0.1647353286 -0.3683585414
5.2300000000 -0.1213762709 -0.0944738515 -0.9558870940 -0.1557093823 -0.1616170695 -0.3489909595
5.2400000000 -0.1282670061 -0.0969263519 -0.9889169661 -0.1490256382 -0.1725070861 -0.3441426335
5.2500000000 -0.1396771762 -0.1019768290 -1.0593662415 -0.1583702133 -0.2863256681 -0.4370199436
5.2600000000 -0.1668718724 -0.1150732098 -1.1627161103 -0.1788062863 -0.4221926120 -0.5445353030
5.2700000000 -0.1697751602 -0.1120679993 -1.2207256307 -0.1816460645 -0.4528872747 -0.5456556330
5.2800000000 -0.1466291068 -0.0959645304 -1.1990984136 -0.1609584223 -0.4434702853 -0.5097926359
5.2900000000 -0.1069235078 -0.0721666803 -1.1338419505 -0.1310096620 -0.4145990042 -0.4573445614
5.3000000000 -0.0527703582 -0.0423696028 -1.0726878880 -0.1073203240 -0.3464356969 -0.3721853708
5.3100000000 -0.0026159019 -0.0163577671 -1.0283417479 -0.0894382779 -0.2796512976 -0.2945935654
5.3200000000 0.0583095927 0.0165565670 -0.9421401307 -0.0550699268 -0.2530294930 -0.2618637676
5.3300000000 0.1132805276 0.0449361306 -0.8516072476 -0.0220545520 -0.1812371122 -0.1889438036
5.3400000000 0.1650329305 0.0732499704 -0.7858246057 0.0036523849 -0.0013177671 -0.0204603016
5.3500000000 0.2449520241 0.1186152903 -0.7231513835 0.0296424736 0.1771749501 0.1340453182
5.3600000000 0.3261914335 0.1627534933 -0.6322367811 0.0676153496 0.3504621704 0.2723444737
5.3700000000 0.3894761060 0.1962893132 -0.5312499377 0.1065773246 0.6038926656 0.4761626896
5.3800000000 0.4337356388 0.2198274858 -0.4855983371 0.1256987693 0.8779012721 0.6836826477
5.3900000000 0.4562024196 0.2324705752 -0.4670725276 0.1384969224 1.1113634503 0.8379101415
5.4000000000 0.4475183930 0.2284444312 -0.4646633645 0.1464566623 1.3366506007 0.9723505559
5.4100000000 0.4279001672 0.2208321278 -0.4890077510 0.1453905573 1.5096449867 1.0462955878
5.4200000000 0.3943611875 0.2044535581 -0.5372985724 0.1355275794 1.6018854810 1.0373441986
5.4300000000 0.3449421519 0.1791442231 -0.5711701695 0.1307653938 1.5920571578 0.9305933101
5.4400000000 0.3301169591 0.1734411430 -0.6072741016 0.1205783796 1.4951914273 0.7478811688
5.4500000000 0.3346640863 0.1733561990 -0.6367151364 0.1113693376 1.4247389476 0.6027522003
5.4600000000 0.3477700885 0.1742750069 -0.6172897028 0.1152494782 1.3202067458 0.4350274975
5.4700000000 0.3822184202 0.1836090912 -0.6143138912 0.1074083991 1.2151449990 0.2813837504
5.4800000000 0.4264159106 0.1949505474 -0.6595000281 0.0813883594 1.1677826005 0.1945814077
5.4900000000 0.4527373728 0.1929087550 -0.6742634329 0.0681739691 1.0869948413 0.0853834031
5.5000000000 0.4598937143 0.1807595950 -0.6277335712 0.0730920984 1.0244055654 0.0046205942
5.5100000000 0.4696549422 0.1716661145 -0.5931119566 0.0688415962 1.0375714134 0.0044833758
5.5200000000 0.4835734133 0.1656593656 -0.6140512270 0.0447227696 1.0581690138 0.0142963814
5.5300000000 0.5006418640 0.1616176286 -0.6625189579 0.0145476497 1.0152120601 -0.0338720201
5.5400000000 0.5349544168 0.1681655094 -0.7164850104 -0.0154985779 0.9346821138 -0.1122845957
5.5500000000 0.5888360941 0.1850263707 -0.7564991321 -0.0390735824 0.8623694413 -0.1762615582
5.5600000000 0.6157921728 0.1845677775 -0.7017336360 -0.0288690698 0.8052462277 -0.2206385019
5.5700000000 0.6201867408 0.1744485102 -0.5861091377 -0.0038779418 0.8406229610 -0.1727723355
5.5800000000 0.6272487235 0.1688349970 -0.4430668475 0.0291701197 0.9612564762 -0.0471727352
5.5900000000 0.6252569501 0.1597431711 -0.2682588646 0.0720970357 1.0811292765 0.0700729746
5.6000000000 0.6015849026 0.1397498161 -0.1441803410 0.0977196679 1.1952088398 0.1737913716
5.6100000000 0.5736987521 0.1206519245 -0.0874398743 0.1062632623 1.2964199572 0.2574454632
5.6200000000 0.5677686505 0.1157586384 -0.1002831367 0.0973169465 1.3608013979 0.2989168495
5.6300000000 0.5719706310 0.1156508035 -0.1628433479 0.0791834515 1.4073663104 0.3191481032
5.6400000000 0.5816833125 0.1182026019 -0.2247201696 0.0662895316 1.4336444246 0.3164202107
5.6500000000 0.5899208506 0.1192113004 -0.2410531095 0.0710423220 1.3723121575 0.2286765759
5.6600000000 0.5798281722 0.1100271022 -0.2186230863 0.0855556431 1.2793476415 0.1155550636
5.6700000000 0.5769434569 0.1077130932 -0.2200647703 0.0880997024 1.2679545906 0.0860923324
5.6800000000 0.5999858307 0.1208212822 -0.2366363662 0.0859444050 1.3256694837 0.1233607645
5.6900000000 0.6201474420 0.1307163881 -0.2672241153 0.0783919964 1.4810892683 0.2517596162
5.7000000000 0.6384239840 0.1404252675 -0.3469426889 0.0538180589 1.6628049957 0.3960784196
5.7100000000 0.6635343748 0.1545787004 -0.4336348960 0.0295470234 1.7624632201 0.4537920786
5.7200000000 0.6857974075 0.1675363747 -0.5263925377 0.0015567188 1.8096991196 0.4577041964
5.7300000000 0.7259619623 0.1922565481 -0.6045638069 -0.0209023665 1.8147632018 0.4207963109
5.7400000000 0.7764349626 0.2218009540 -0.6272799447 -0.0271551007 1.8056245316 0.3725216432
5.7500000000 0.8308461111 0.2538217297 -0.6261806567 -0.0297017824 1.8209946758 0.3506017938
5.7600000000 0.8911760714 0.2889051124 -0.6101623509 -0.0298374396 1.8266751869 0.3208404050
5.7700000000 0.9420234919 0.3186508796 -0.6330144320 -0.0461758868 1.8388822053 0.3003711125
5.7800000000 0.9670528950 0.3341517014 -0.6880842107 -0.0702600470 1.8113860963 0.2434594884
5.7900000000 0.9730297922 0.3416190146 -0.7205276262 -0.0842012135 1.7550447903 0.1647676023
5.8000000000 0.9689919124 0.3450433779 -0.7239530265 -0.0879234796 1.7411953014 0.1320593885
5.8100000000 0.9355894888 0.3322834335 -0.7001799056 -0.0834330579 1.7858737930 0.1587416578
5.8200000000 0.8875164234 0.3131825010 -0.6335933779 -0.0643227676 1.8884576405 0.2396716675
5.8300000000 0.8516716971 0.3016233505 -0.5937897707 -0.0578856649 2.0507869352 0.3738792004
5.8400000000 0.8392179480 0.3016355753 -0.5487507872 -0.0441363005 2.1816379804 0.4694638453
5.8500000000 0.8425368026 0.3065827135 -0.4767789180 -0.0216074733 2.2258716045 0.4778606369
5.8600000000 0.8355583712 0.3015006327 -0.4594162351 -0.0168396143 2.2503554160 0.4666241290
5.8700000000 0.8202501908 0.2903417439 -0.4713283890 -0.0176600356 2.3030298273 0.4829443599
5.8800000000 0.8236237577 0.2895068120 -0.4693464275 -0.0095638597 2.4162746838 0.5553356529
5.8900000000 0.8393118754 0.2931608193 -0.4577511620 0.0019258722 2.5633637628 0.6551859647
5.9000000000 0.8580470034 0.2968717452 -0.4633954350 0.0075277133 2.7352171361 0.7721748169
5.9100000000 0.8993538202 0.3128887746 -0.4461226016 0.0228444162 2.8393193396 0.8165014660
5.9200000000 0.9240324012 0.3162325724 -0.4277244655 0.0361108421 2.9047527189 0.8218902503
5.9300000000 0.9166766019 0.3028898914 -0.3839686723 0.0596889745 2.9571294969 0.8132003481
5.9400000000 0.8993639395 0.2865081322 -0.2900416725 0.0976878504 3.0048912745 0.8012281614
5.9500000000 0.8737386926 0.2677600133 -0.2177185543 0.1249020683 3.1102315651 0.8443652403
5.9600000000 0.8414606655 0.2465538627 -0.2002601597 0.1331643971 3.1636094053 0.8351709362
5.9700000000 0.8177576420 0.2319858071 -0.2324001394 0.1272894949 3.1949065313 0.8070427969
5.9800000000 0.8074020208 0.2245106887 -0.2816644647 0.1183364783 3.2358120377 0.7896378195
5.9900000000 0.8089784042 0.2233917435 -0.3189287184 0.1141211578 3.2762238683 0.7742413085
6.0000000000 0.8323317993 0.2338166681 -0.3274757781 0.1177934681 3.3198693282 0.7633345526
6.0100000000 0.8437917191 0.2351547919 -0.2898622142 0.1340978259 3.3153493285 0.7085462670
6.0200000000 0.8471786293 0.2337022696 -0.2363203338 0.1501765333 3.2673181457 0.6170253409
6.0300000000 0.8466956218 0.2308947277 -0.1493332801 0.1762329398 3.1636385713 0.4794851244
6.0400000000 0.8072037729 0.2069915396 -0.0607566680 0.1975656789 3.0357225523 0.3293200816
6.0500000000 0.7627194559 0.1852154567 -0.0223894412 0.2013005509 2.9231737437 0.2046926850
6.0600000000 0.7296383913 0.1714651999 -0.0046729719 0.1997100117 2.8398996239 0.1177199121
6.0700000000 0.7040825631 0.1628009704 0.0034761640 0.1962831287 2.8349337910 0.1127601760
6.0800000000 0.6861883997 0.1576769930 0.0738655208 0.2159742672 2.8794398373 0.1564805696
6.0900000000 0.6675352630 0.1517970274 0.1583780511 0.2343237130 2.9106780917 0.1864268837
6.1000000000 0.6448367317 0.1432820097 0.1836956752 0.2309451086 2.9329479758 0.2069927458
6.1100000000 0.6184139370 0.1334220687 0.2001129154 0.2269636907 2.9354568581 0.2076730147
6.1200000000 0.6147632151 0.1378228029 0.2266149442 0.2269282222 2.9054877620 0.1774656819
6.1300000000 0.6480030983 0.1624487666 0.1847378174 0.2006091985 2.9030686281 0.1753038758
6.1400000000 0.6856049359 0.1862819728 0.1574841539 0.1855075523 3.0170918651 0.2835027793
6.1500000000 0.6970650745 0.1943995547 0.1327542818 0.1662236936 3.1728288932 0.4230011156
6.1600000000 0.6904478760 0.1945711320 0.0538496113 0.1294569028 3.3319092221 0.5566983216
6.1700000000 0.6887015785 0.2006461735 0.0169745760 0.1084266373 3.4954714084 0.6842953494
6.1800000000 0.7064143438 0.2190983405 0.0301013835 0.1022440837 3.5739716634 0.7212634745
6.1900000000 0.7194858185 0.2335479092 0.0878424426 0.1076720811 3.6203041286 0.7240767825
6.2000000000 0.7204352290 0.2416777414 0.1201500411 0.0997815286 3.6989283068 0.7552918534
6.2100000000 0.7235433021 0.2519539302 0.1199357933 0.0830577563 3.7083337030 0.7167114923
6.2200000000 0.7146166197 0.2550850963 0.1208965948 0.0690294607 3.6550377505 0.6207933511
6.2300000000 0.6976928724 0.2547112181 0.1107072795 0.0529098382 3.6047352957 0.5328083341
6.2400000000 0.6663695506 0.2458036927 0.0913753519 0.0354661755 3.6081004079 0.5018857059
6.2500000000 0.6153057625 0.2264950595 0.0717512911 0.0199490488 3.6891945220 0.5468633153
6.2600000000 0.5587658103 0.2047589709 0.0297306257 -0.0027748440 3.7138385466 0.5357692184
6.2700000000 0.5009731658 0.1821144681 0.0099697437 -0.0137520352 3.7298300922 0.5193162451
6.2800000000 0.4480013707 0.1611797150 0.0058188744 -0.0210369102 3.8155383165 0.5704158875
6.2900000000 0.3923739642 0.1365968006 -0.0293962501 -0.0380670041 3.8838337722 0.6025465086
6.3000000000 0.3266858968 0.1047007400 -0.0230048724 -0.0371850315 3.9057193413 0.5895891447
6.3100000000 0.2718882932 0.0787928039 0.0719562893 -0.0059581196 3.9292681686 0.5799980671
6.3200000000 0.2274353512 0.0565042610 0.2333040669 0.0446497865 3.8908482308 0.5119705970
6.3300000000 0.1810475831 0.0313135840 0.3674277200 0.0821103234 3.7525327061 0.3546495524
6.3400000000 0.1499391474 0.0142957788 0.4018638407 0.0881488066 3.6088242171 0.2030420582
6.3500000000 0.1603632580 0.0201807743 0.3803658135 0.0838253304 3.4781968676 0.0742864329
6.3600000000 0.2034998737 0.0412323001 0.3876621957 0.0964995992 3.3330656448 -0.0587160212
6.3700000000 0.2553871489 0.0646419916 0.4038129913 0.1116850697 3.1152255741 -0.2510319984
6.3800000000 0.3006586753 0.0834501862 0.3582734468 0.1049835841 2.8474579243 -0.4762952622
6.3900000000 0.3275193215 0.0934393291 0.2703313893 0.0869061583 2.6260927561 -0.6413482523
6.4000000000 0.3313085934 0.0934504648 0.1660697094 0.0646169815 2.4692306703 -0.7328840397
6.4100000000 0.3283085893 0.0943900571 0.0436290965 0.0358661394 2.4301141812 -0.7043391660
6.4200000000 0.3216790701 0.0959132192 -0.0779147078 0.0065193073 2.3986409232 -0.6700295733
6.4300000000 0.2999972218 0.0910665037 -0.1987026494 -0.0254809245 2.3013255891 -0.6984414913
6.4400000000 0.2850351782 0.0928317091 -0.2991536186 -0.0525745021 2.2322308849 -0.6982366465
6.4500000000 0.2849195480 0.1034906837 -0.3550899212 -0.0682123415 2.1531071615 -0.7084184638
6.4600000000 0.2595203729 0.0979282954 -0.3870977515 -0.0805576931 2.0706617972 -0.7215850874
6.4700000000 0.2103733332 0.0808456282 -0.3687164941 -0.0777870633 2.0243262559 -0.7010863973
6.4800000000 0.1595681096 0.0643615569 -0.3521493178 -0.0813736499 1.9873488449 -0.6746410956
6.4900000000 0.1162014573 0.0529201264 -0.3951843246 -0.1051203839 2.0189094653 -0.5859166971
6.5000000000 0.0831634653 0.0460020932 -0.4282607973 -0.1209370699 2.1346453134 -0.4253256612
6.5100000000 0.0703883760 0.0495516687 -0.4465395127 -0.1312301230 2.2085158955 -0.3171479106
6.5200000000 0.0540697388 0.0471455563 -0.4599002184 -0.1386933267 2.1909857448 -0.3047689521
6.5300000000 0.0111571919 0.0287051135 -0.4319762903 -0.1307607653 2.1773732181 -0.2916096080
6.5400000000 -0.0236384159 0.0163476218 -0.3280666758 -0.0965966123 2.1888927188 -0.2584750391
6.5500000000 -0.0501981294 0.0077626541 -0.2189265315 -0.0650410053 2.2380294109 -0.1932703793
6.5600000000 -0.0797799327 -0.0035393353 -0.1543428600 -0.0466145084 2.3262684268 -0.0973214506
6.5700000000 -0.1191773703 -0.0213231617 -0.1015281961 -0.0277224252 2.4112718457 -0.0117388315
6.5800000000 -0.1744128172 -0.0479154260 -0.0774333104 -0.0152547795 2.4782896617 0.0498644149
6.5900000000 -0.2110501530 -0.0620548668 -0.1083627063 -0.0181973924 2.5014192909 0.0648228421
6.6000000000 -0.2424865772 -0.0755463099 -0.1849805625 -0.0318576254 2.4970720466 0.0519539016
6.6100000000 -0.2843229422 -0.0953266731 -0.2819205686 -0.0489689185 2.5265792569 0.0717874854
6.6200000000 -0.3429672014 -0.1254252437 -0.3527465354 -0.0547655037 2.6179835239 0.1488405275
6.6300000000 -0.4033086002 -0.1541535240 -0.3995140507 -0.0553465039 2.7235528840 0.2345506109
6.6400000000 -0.4317376736 -0.1642103679 -0.4204142683 -0.0488122492 2.7650302821 0.2541462368
6.6500000000 -0.4428389534 -0.1664769471 -0.4706348601 -0.0578807527 2.8126276907 0.2796780525
6.6600000000 -0.4738145541 -0.1827844658 -0.5293186709 -0.0673403937 2.8289666983 0.2731455238
6.6700000000 -0.4958699752 -0.1913859380 -0.4900912573 -0.0436557611 2.8086288159 0.2341490452
6.6800000000 -0.5098649467 -0.1965953819 -0.3946042824 -0.0069240231 2.8344836268 0.2417686988
6.6900000000 -0.5479543433 -0.2150357601 -0.2560334711 0.0411212357 2.8572562028 0.2471296186
6.7000000000 -0.5748682918 -0.2243692804 -0.0789688803 0.0990663879 2.7815910502 0.1592841041
6.7100000000 -0.6076507276 -0.2374467522 0.1162472978 0.1621337902 2.6474650177 0.0237906946
6.7200000000 -0.6489996194 -0.2535945676 0.2921317236 0.2176633515 2.5243532739 -0.0919421697
6.7300000000 -0.6713299675 -0.2575137735 0.4104661251 0.2560015175 2.3709336973 -0.2273637370
6.7400000000 -0.6962839585 -0.2640372099 0.5065704225 0.2919374891 2.2587180703 -0.3127492952
6.7500000000 -0.7274785509 -0.2734576058 0.5659437630 0.3167802448 2.2110258941 -0.3298652042
6.7600000000 -0.7409427561 -0.2717080933 0.5488025265 0.3173570785 2.1151710496 -0.3901276551
6.7700000000 -0.7445704545 -0.2654007143 0.4413217499 0.2891829367 1.9473337374 -0.5127887408
6.7800000000 -0.7471303037 -0.2589801464 0.3304496365 0.2650618751 1.8174044235 -0.5900632455
6.7900000000 -0.7646281687 -0.2618287317 0.2716525952 0.2553984067 1.7207468027 -0.6303895253
6.8000000000 -0.7970973201 -0.2714933626 0.1638311686 0.2205586494 1.5825201351 -0.7066976100
6.8100000000 -0.8297400815 -0.2797875457 0.0150551093 0.1700345415 1.4616236428 -0.7606142225
6.8200000000 -0.8580588753 -0.2847737425 -0.0952307049 0.1305901682 1.3600562894 -0.7931212990
6.8300000000 -0.8779066690 -0.2852869229 -0.1946802279 0.0879342359 1.3063670557 -0.7773339474
6.8400000000 -0.8939941355 -0.2846528846 -0.3189886983 0.0317957456 1.3489272917 -0.6719099220
6.8500000000 -0.9164753551 -0.2889173118 -0.3972258494 -0.0094001280 1.3834304381 -0.5819220719
6.8600000000 -0.9250139787 -0.2845969580 -0.3841184925 -0.0241022839 1.2671595892 -0.6424863559
6.8700000000 -0.9074409005 -0.2669923001 -0.3735403280 -0.0478245847 1.1168977187 -0.7317899701
6.8800000000 -0.8764162524 -0.2440626417 -0.3754026844 -0.0754227539 1.1038406409 -0.6875518259
6.8900000000 -0.8643632569 -0.2349460237 -0.3751426126 -0.1019835863 1.1392142897 -0.6023234718
6.9000000000 -0.8722080502 -0.2358621702 -0.3261279856 -0.1072442567 1.1842023717 -0.5144608811
6.9100000000 -0.8826246917 -0.2370527516 -0.2576885354 -0.1081593461 1.2612421706 -0.4035667779
6.9200000000 -0.9009460589 -0.2420151382 -0.1971103663 -0.1075303551 1.3680796966 -0.2731782461
6.9300000000 -0.9045595753 -0.2376116021 -0.0948300220 -0.0892056374 1.4294061630 -0.1969023091
6.9400000000 -0.8873591858 -0.2227973432 0.0189977390 -0.0642216428 1.5307209842 -0.0882661174
6.9500000000 -0.8564733918 -0.2023669465 0.1413922972 -0.0324932070 1.6336630767 0.0111773781
6.9600000000 -0.8168077212 -0.1792367886 0.2906231134 0.0133356830 1.6842903546 0.0540108199
6.9700000000 -0.7845813605 -0.1622248109 0.4524955098 0.0662445524 1.7670015038 0.1222115470
6.9800000000 -0.7817489104 -0.1626667337 0.5823856146 0.1116378668 1.8103904541 0.1470898377
6.9900000000 -0.7916600290 -0.1678008177 0.7272803299 0.1692964180 1.8173782535 0.1349754732
7.0000000000 -0.7698886566 -0.1528719405 0.8685877314 0.2271157913 1.8533202849 0.1505389982
7.0100000000 -0.7437022421 -0.1385752330 0.9534903399 0.2689367015 1.8922725186 0.1672099778
7.0200000000 -0.7310794726 -0.1328849448 0.9911709961 0.2986830851 1.8593818170 0.1147432809
7.0300000000 -0.7103646679 -0.1225412761 0.9890268161 0.3185882869 1.7711738804 0.0138175928
7.0400000000 -0.7007281013 -0.1199475301 0.9559165233 0.3293725231 1.6544524290 -0.1071122113
7.0500000000 -0.7203877588 -0.1341281501 0.9218501059 0.3405334617 1.4904930271 -0.2640741348
7.0600000000 -0.7507129405 -0.1523430728 0.8774841463 0.3440542076 1.3547629841 -0.3819271860
7.0700000000 -0.7719204368 -0.1644648179 0.8084990669 0.3359952055 1.2571057098 -0.4547473175
7.0800000000 -0.7812060589 -0.1706718970 0.7351787271 0.3225389173 1.1537025081 -0.5257036966
7.0900000000 -0.7600883233 -0.1607045919 0.6552994135 0.3020794385 1.0820878045 -0.5596050215
7.1000000000 -0.7258884263 -0.1473833179 0.5335287820 0.2610941104 0.9924842263 -0.6067981046
7.1100000000 -0.7054851628 -0.1441580494 0.3707485312 0.2034374357 0.9128226556 -0.6390435879
7.1200000000 -0.6888050613 -0.1428215194 0.2163103127 0.1458747212 0.8972463199 -0.6073911242
7.1300000000 -0.6743574417 -0.1423114285 0.1256979929 0.1062482870 0.8892575385 -0.5697072099
7.1400000000 -0.6565741019 -0.1389625898 0.1328175184 0.0923156907 0.8638608676 -0.5503720269
7.1500000000 -0.6546890396 -0.1452092243 0.1770328047 0.0807597044 0.8320547556 -0.5383800723
7.1600000000 -0.6658142863 -0.1566726928 0.2406450887 0.0715564604 0.8371397923 -0.4924146509
7.1700000000 -0.6702306748 -0.1628614530 0.3264212978 0.0671938378 0.8757086572 -0.4187520150
7.1800000000 -0.6514580241 -0.1547318418 0.4127015219 0.0629166077 0.8501986079 -0.4121063908
7.1900000000 -0.6285509219 -0.1467111480 0.4826678566 0.0543351168 0.7629548000 -0.4653852664
7.2000000000 -0.6369394590 -0.1572228089 0.5154612410 0.0366837327 0.7173265622 -0.4771684363
7.2100000000 -0.6225818081 -0.1511069188 0.4974652441 0.0064133427 0.7016179240 -0.4617179110
7.2200000000 -0.5902979270 -0.1365964527 0.4026749872 -0.0445008575 0.6782693043 -0.4555115527
7.2300000000 -0.5948589480 -0.1445156811 0.2416346289 -0.1106196437 0.6586184431 -0.4473563429
7.2400000000 -0.5961410670 -0.1469831087 0.1334766823 -0.1498559525 0.6262499079 -0.4529511280
7.2500000000 -0.5944244422 -0.1479993352 0.0877741327 -0.1697868544 0.4870097649 -0.5612067509
7.2600000000 -0.6053627602 -0.1553117207 0.0358818277 -0.1936434391 0.3139775939 -0.6943251503
7.2700000000 -0.6317318461 -0.1712689428 -0.0065010743 -0.2131988202 0.2375827205 -0.7281810637
7.2800000000 -0.6799298302 -0.1979679133 -0.0322131800 -0.2254330579 0.1620612970 -0.7596887134
7.2900000000 -0.6980750393 -0.2046543569 -0.0572133718 -0.2362631655 0.0694364141 -0.8045826624
7.3000000000 -0.6958172360 -0.2024805132 -0.0535309148 -0.2334346892 -0.0191660854 -0.8429468740
7.3100000000 -0.6938864280 -0.2022497842 -0.0644332533 -0.2361279742 -0.1189410481 -0.8890122844
7.3200000000 -0.6538474815 -0.1805267983 -0.0898817571 -0.2381265841 -0.2339713264 -0.9466302746
7.3300000000 -0.6181386677 -0.1658095243 -0.1081152841 -0.2351844039 -0.3653698406 -1.0157425562
7.3400000000 -0.6102841721 -0.1665950476 -0.1775328711 -0.2471015468 -0.4714853174 -1.0561754659
7.3500000000 -0.6003690210 -0.1641138874 -0.2704479690 -0.2614829212 -0.5241541321 -1.0430710137
7.3600000000 -0.5967082010 -0.1642620818 -0.3632150268 -0.2723423672 -0.5509288219 -1.0063012899
7.3700000000 -0.6143578102 -0.1757998826 -0.4182576222 -0.2674075517 -0.5273825908 -0.9235924147
7.3800000000 -0.6194571199 -0.1769439606 -0.4276487247 -0.2485020030 -0.4425683178 -0.7886887296
7.3900000000 -0.6089292191 -0.1702453577 -0.4307002766 -0.2295351501 -0.3524736996 -0.6580160619
7.4000000000 -0.6055577652 -0.1685243146 -0.4058136021 -0.2004974327 -0.2426017556 -0.5177721664
7.4100000000 -0.6075381411 -0.1702705993 -0.3261513595 -0.1532826135 -0.1338688761 -0.3894857098
7.4200000000 -0.5882367264 -0.1585427068 -0.2840538124 -0.1232423346 -0.0261440521 -0.2717787785
7.4300000000 -0.5632959629 -0.1463671498 -0.3222704102 -0.1176532185 0.0510988320 -0.1931796076
7.4400000000 -0.5535092574 -0.1431521306 -0.3669532173 -0.1087962128 0.0574814599 -0.1886225919
7.4500000000 -0.5537598565 -0.1456087748 -0.3488888749 -0.0759431932 0.0588298461 -0.1908799240
7.4600000000 -0.5429281083 -0.1396812672 -0.3105595569 -0.0414818612 0.0846463085 -0.1714503690
7.4700000000 -0.5077887102 -0.1208881791 -0.3154037451 -0.0243161920 0.0613028697 -0.2014210118
7.4800000000 -0.4693807084 -0.1020767198 -0.3417040723 -0.0141012101 -0.0214224099 -0.2859294727
7.4900000000 -0.4382449726 -0.0887316567 -0.3459994957 0.0043930268 -0.0891053998 -0.3508592873
7.5000000000 -0.4059257441 -0.0739772475 -0.3160446795 0.0315048996 -0.1256955370 -0.3818191976
7.5100000000 -0.3596188344 -0.0512102500 -0.3216848160 0.0411080545 -0.0965276802 -0.3471319750
7.5200000000 -0.3194136732 -0.0331913804 -0.3426987745 0.0460190453 -0.0531684095 -0.3006794150
7.5300000000 -0.2918183078 -0.0220416233 -0.3529658133 0.0522673573 -0.0351770797 -0.2795249321
7.5400000000 -0.2751534209 -0.0164396125 -0.3948751534 0.0447437822 -0.0817193702 -0.3206675388
7.5500000000 -0.2468001134 -0.0023274079 -0.4308110555 0.0390843845 -0.1556747237 -0.3833979308
7.5600000000 -0.2057443513 0.0177485488 -0.4271790492 0.0442156784 -0.2007835161 -0.4145751028
7.5700000000 -0.1853829067 0.0242688705 -0.4046910881 0.0510565104 -0.2334842360 -0.4306921758
7.5800000000 -0.1763539278 0.0252937480 -0.4086983077 0.0442947964 -0.2137481111 -0.3950203047
7.5900000000 -0.1691971086 0.0256025558 -0.4288603320 0.0320516836 -0.2115297489 -0.3778707594
7.6000000000 -0.1649204285 0.0243039507 -0.4329194324 0.0246448267 -0.1995438397 -0.3509605796
7.6100000000 -0.1662841606 0.0190718583 -0.4147005318 0.0234967597 -0.1305289981 -0.2717037565
7.6200000000 -0.1777520349 0.0077039870 -0.3609238079 0.0324603820 -0.0569920210 -0.1929327942
7.6300000000 -0.1752542336 0.0048167431 -0.2546505918 0.0574488634 -0.0072493682 -0.1419837845
7.6400000000 -0.1464134830 0.0152963453 -0.1287170002 0.0851930849 -0.0345614061 -0.1680791638
7.6500000000 -0.0938555676 0.0366967131 -0.0355296564 0.1007333332 -0.1256844402 -0.2534086591
7.6600000000 -0.0540865561 0.0466966934 0.0266049718 0.1083289114 -0.1729415936 -0.2919529777
7.6700000000 -0.0527274495 0.0347271014 0.0752722406 0.1149232486 -0.1804105561 -0.2912331129
7.6800000000 -0.0520745698 0.0257528389 0.1248459473 0.1244723677 -0.1932605549 -0.2954712516
7.6900000000 -0.0433448367 0.0222076183 0.1713773867 0.1340748540 -0.1827188572 -0.2771481950
7.7000000000 -0.0111598983 0.0330056715 0.1833938402 0.1321420444 -0.1682795735 -0.2565052133
7.7100000000 0.0131044514 0.0360246967 0.1912491539 0.1322018710 -0.1220484702 -0.2065226428
7.7200000000 0.0040478728 0.0208344612 0.2112136079 0.1362757471 -0.0211957292 -0.1082744432
7.7300000000 0.0197194003 0.0231467433 0.2588039161 0.1505231069 0.1264428160 0.0281873167
7.7400000000 0.0797590305 0.0503271168 0.3218453999 0.1669182289 0.2892268775 0.1695196802
7.7500000000 0.1466987065 0.0777891708 0.3613850406 0.1743813485 0.4610841582 0.3101743540
7.7600000000 0.1722975879 0.0798258932 0.3603825977 0.1677487212 0.6582257649 0.4645844465
7.7700000000 0.1770000284 0.0739289687 0.3398151719 0.1576656139 0.8885692228 0.6397514530
7.7800000000 0.1792378850 0.0692390076 0.3426997185 0.1564868594 1.0662842943 0.7515249483
7.7900000000 0.1669350871 0.0580633397 0.3338994847 0.1490952727 1.1597271796 0.7754714516
7.8000000000 0.1518050474 0.0471659870 0.2780862158 0.1247007908 1.2486856558 0.7920310127
7.8100000000 0.1498878803 0.0448969717 0.2201432007 0.1020982854 1.3296533516 0.7987869095
7.8200000000 0.1678354425 0.0532191932 0.2020824040 0.0924973959 1.3696434803 0.7654649723
7.8300000000 0.1826951298 0.0573895586 0.1573596153 0.0692870845 1.3706637022 0.6974419306
7.8400000000 0.1855718345 0.0544251983 0.0599342970 0.0283362913 1.3121775647 0.5772923504
7.8500000000 0.2149962204 0.0681985976 -0.0678661311 -0.0216228006 1.1736942143 0.3900501298
7.8600000000 0.2684007680 0.0935880696 -0.1885410182 -0.0669491332 1.0567462281 0.2372230441
7.8700000000 0.3212789653 0.1169221502 -0.2798828778 -0.1036132395 1.0292483673 0.1810316751
7.8800000000 0.3744194652 0.1401030668 -0.3698486311 -0.1423598017 1.0428428474 0.1698748311
7.8900000000 0.4189192896 0.1585893165 -0.4116702597 -0.1641188721 1.0295633463 0.1366032141
7.9000000000 0.4673683820 0.1812390747 -0.4285370040 -0.1814892868 0.9223074643 0.0184837401
7.9100000000 0.5185714116 0.2057084109 -0.4620501387 -0.2046352235 0.8208423707 -0.0834652836
7.9200000000 0.5509986757 0.2197998549 -0.5170721105 -0.2341133866 0.8277239197 -0.0746381225
7.9300000000 0.5742284990 0.2306752830 -0.5682521391 -0.2574502638 0.8993922686 -0.0030953979
7.9400000000 0.5823017052 0.2336730682 -0.5616597053 -0.2583616425 0.9975698110 0.0904160297
7.9500000000 0.5656215788 0.2240018348 -0.5047651503 -0.2420051323 1.0688600796 0.1530741615
7.9600000000 0.5521570688 0.2185034964 -0.4512840863 -0.2279590891 1.1083169423 0.1818172425
7.9700000000 0.5615291582 0.2259266134 -0.4696740589 -0.2362378716 1.1446896016 0.2052332122
7.9800000000 0.5981582764 0.2467784539 -0.5527267588 -0.2590913370 1.1810951757 0.2262675427
7.9900000000 0.6428919505 0.2681967703 -0.6199461246 -0.2679102148 1.3038112438 0.3274944680
8.0000000000 0.6610352532 0.2716199980 -0.6259364525 -0.2529056916 1.4726162160 0.4638727429
8.0100000000 0.6459570039 0.2566526982 -0.5851490159 -0.2228338052 1.5578499492 0.5111193649
8.0200000000 0.6179704271 0.2368510739 -0.5305717623 -0.1897521854 1.5777323770 0.4919686265
8.0300000000 0.6153289598 0.2335830901 -0.5056717040 -0.1668775509 1.5911363207 0.4663639283
8.0400000000 0.6283520202 0.2366734827 -0.4531324492 -0.1295144868 1.6019605236 0.4382829409
8.0500000000 0.6245898962 0.2277958441 -0.3915887491 -0.0906015227 1.6020694646 0.4009937069
8.0600000000 0.6165352512 0.2167243215 -0.3656045694 -0.0620199653 1.6484353340 0.4096978569
8.0700000000 0.6158933269 0.2098705950 -0.3368713294 -0.0301378176 1.7404384800 0.4606394402
8.0800000000 0.6231908344 0.2070305542 -0.3422652582 -0.0101900772 1.8673343584 0.5418598569
8.0900000000 0.6285207110 0.2019000420 -0.3934625756 -0.0041741522 1.9962740415 0.6195463753
8.1000000000 0.6269970972 0.1929283469 -0.4311666631 0.0088512342 2.0509558856 0.6218252300
8.1100000000 0.6439031929 0.1957480267 -0.5127972640 0.0023469983 2.0437412639 0.5653776841
8.1200000000 0.6560718313 0.1940266988 -0.6372814076 -0.0173053133 2.0258542730 0.5024399977
8.1300000000 0.6671775458 0.1933856380 -0.6922948078 -0.0133654333 1.9777699355 0.4147551823
8.1400000000 0.6909435890 0.2000651614 -0.7408606111 -0.0157963154 1.9005374185 0.3059449995
8.1500000000 0.7062041289 0.2020087539 -0.8038004390 -0.0264635695 1.7958951326 0.1786452906
8.1600000000 0.7245080703 0.2071557473 -0.8111217327 -0.0209174190 1.7027350203 0.0722144770
8.1700000000 0.7712248637 0.2300952199 -0.8038572374 -0.0172247743 1.6484192107 0.0105740088
8.1800000000 0.8287139397 0.2574598367 -0.8827697067 -0.0484078446 1.5820060765 -0.0568570554
8.1900000000 0.8490200627 0.2627207900 -0.9878660132 -0.0842776216 1.5409024582 -0.0938558398
8.2000000000 0.8315425187 0.2498049185 -0.9987156670 -0.0870460315 1.5813011312 -0.0495365862
8.2100000000 0.8067644100 0.2375228399 -0.9267159820 -0.0675124798 1.6127083569 -0.0159454937
8.2200000000 0.7865387736 0.2301829840 -0.8258019235 -0.0447753697 1.5737289314 -0.0499548291
8.2300000000 0.7852031210 0.2347887004 -0.7193517331 -0.0227432656 1.4771309543 -0.1363535970
8.2400000000 0.7989047904 0.2461694578 -0.6154051857 -0.0017640269 1.4308331060 -0.1684907101
8.2500000000 0.7740917597 0.2326795221 -0.5807023718 -0.0043647703 1.4725518069 -0.1158171756
8.2600000000 0.7321363380 0.2124884872 -0.6147284387 -0.0240578462 1.5420503186 -0.0397573473
8.2700000000 0.6869371334 0.1908940670 -0.6629679468 -0.0428769613 1.6358274869 0.0541459629
8.2800000000 0.6367720071 0.1677030126 -0.7488085292 -0.0726201345 1.7343358990 0.1460483738
8.2900000000 0.6153491486 0.1610011443 -0.8836093579 -0.1164890484 1.8503543131 0.2478665311
8.3000000000 0.6077726051 0.1592216318 -0.9907906029 -0.1468676415 1.9736992610 0.3487434553
8.3100000000 0.6187625910 0.1664244020 -1.0249815115 -0.1539250599 2.0708495711 0.4168261224
8.3200000000 0.6570579371 0.1867504870 -1.0465482801 -0.1622064797 2.1885265236 0.4989475999
8.3300000000 0.6938266794 0.2032169043 -1.0584138279 -0.1680157721 2.3222367662 0.5889734813
8.3400000000 0.6953899282 0.1985658436 -1.0502721140 -0.1682090532 2.3836260434 0.6030867410
8.3500000000 0.6753552926 0.1851300617 -1.0727013674 -0.1796812603 2.4013111364 0.5739703157
8.3600000000 0.6854029197 0.1927483630 -1.1157754969 -0.1949595516 2.4661600142 0.5906065728
8.3700000000 0.7064174096 0.2050583775 -1.1146816267 -0.1913696395 2.5463073637 0.6196465946
8.3800000000 0.7072070938 0.2053225961 -1.0635083495 -0.1713741396 2.6248115676 0.6456910175
8.3900000000 0.7154677205 0.2118225812 -0.9798229951 -0.1410360568 2.7011438340 0.6678440686
8.4000000000 0.7443236222 0.2303239294 -0.9155727698 -0.1190827171 2.7669879098 0.6794202947
8.4100000000 0.7785858923 0.2506705158 -0.8620213233 -0.0963821046 2.8460382129 0.7033091903
8.4200000000 0.8089992381 0.2683323794 -0.7804333628 -0.0615742553 2.8968537421 0.6994460764
8.4300000000 0.8330344418 0.2826630901 -0.7193705550 -0.0332931770 2.9553844674 0.7046152238
8.4400000000 0.8667605923 0.3039928586 -0.6914507548 -0.0135095596 3.0411355438 0.7358632085
8.4500000000 0.8975817184 0.3227638444 -0.6596143207 0.0114718035 3.0923405516 0.7333902176
8.4600000000 0.9221446075 0.3389835278 -0.5932430126 0.0496432966 3.1064581308 0.6971195356
8.4700000000 0.9443505102 0.3539267653 -0.5405752311 0.0804719697 3.0191076815 0.5672729228
8.4800000000 0.9704195134 0.3721689612 -0.5572474231 0.0873803503 2.8721879460 0.3912351637
8.4900000000 0.9761377114 0.3771026848 -0.5851576030 0.0945818111 2.7854841587 0.2847580908
8.5000000000 0.9429320613 0.3613355697 -0.6217497483 0.0973568695 2.7911746806 0.2747624864
8.5100000000 0.9016579959 0.3435694056 -0.7147824338 0.0795021207 2.8744298224 0.3408461007
8.5200000000 0.8709646479 0.3329795533 -0.7782186679 0.0738501723 2.9279505533 0.3760422599
8.5300000000 0.8379116338 0.3189243912 -0.7961160551 0.0783971957 2.9134075491 0.3461796033
8.5400000000 0.8231425165 0.3151838199 -0.8434798874 0.0666424654 2.8670683538 0.2888974330
8.5500000000 0.8418782439 0.3272681613 -0.9230364530 0.0416114181 2.8269597811 0.2419025190
8.5600000000 0.8607025270 0.3351792899 -0.9929017348 0.0193151941 2.8611929087 0.2691456751
8.5700000000 0.8879965234 0.3465345348 -1.0587162318 -0.0052894376 2.9521883866 0.3484756450
8.5800000000 0.9223020671 0.3601146842 -1.1248348728 -0.0321453604 3.0190320218 0.3999390575
8.5900000000 0.9400567395 0.3632299664 -1.1353674483 -0.0414547838 3.0364348686 0.4010455763
8.6000000000 0.9264291079 0.3492277413 -1.0601012936 -0.0254838731 2.9671719564 0.3189044514
8.6100000000 0.8938222875 0.3277603325 -0.9754539734 -0.0137580222 2.8521679299 0.1984158257
8.6200000000 0.8480333500 0.3008889693 -0.9505634741 -0.0238471793 2.7397540854 0.0870740460
8.6300000000 0.7892414650 0.2686809364 -0.9676034233 -0.0445425159 2.6844600448 0.0374194008
8.6400000000 0.7271554137 0.2357879570 -0.9715964588 -0.0555396676 2.7305433473 0.0869619429
8.6500000000 0.6680924809 0.2051684249 -0.9390035494 -0.0528500583 2.7801018735 0.1365852188
8.6600000000 0.6355996802 0.1897752918 -0.8930218976 -0.0460046215 2.8206911904 0.1752519306
8.6700000000 0.6209019019 0.1816841356 -0.8403935556 -0.0364199216 2.8854100013 0.2340073731
8.6800000000 0.5956042845 0.1652120827 -0.7563700768 -0.0141596036 2.9334765684 0.2726732192
8.6900000000 0.5836775889 0.1574197829 -0.6831623969 0.0031650634 2.9156873064 0.2455949401
8.7000000000 0.5693916528 0.1467170281 -0.6741515078 0.0009757310 2.8350521921 0.1600343622
8.7100000000 0.5291624530 0.1222932626 -0.6449849125 0.0127676162 2.7715710606 0.0958115537
8.7200000000 0.4626014566 0.0849486526 -0.6021496032 0.0289132765 2.7264709873 0.0522501847
8.7300000000 0.3678081676 0.0351835140 -0.5786077656 0.0401638672 2.6790873782 0.0095255276
8.7400000000 0.2696385502 -0.0126054884 -0.5062299133 0.0706304441 2.6720834353 0.0080899896
8.7500000000 0.1791588634 -0.0542323941 -0.4033948065 0.1091598512 2.7651246192 0.1023306380
8.7600000000 0.1146013806 -0.0803044355 -0.3256621843 0.1375175342 2.9807804572 0.3071547144
8.7700000000 0.0532073686 -0.1073941633 -0.3007419208 0.1486178772 3.2130377739 0.5142865326
8.7800000000 -0.0067667054 -0.1333739060 -0.2925459484 0.1583552820 3.4192469118 0.6835864926
8.7900000000 -0.0406626637 -0.1446125022 -0.2841583600 0.1686817757 3.5803658448 0.7977345378
8.8000000000 -0.0599335536 -0.1486522045 -0.3045778632 0.1687163762 3.6694948043 0.8350679274
8.8100000000 -0.0712042000 -0.1488082487 -0.3072864957 0.1759794696 3.7819081792 0.8909321348
8.8200000000 -0.0421066675 -0.1244364144 -0.2476773216 0.2024417677 3.8772922264 0.9247796371
8.8300000000 0.0016974390 -0.0945993016 -0.2233393491 0.2092241141 3.9526224397 0.9373169063
8.8400000000 0.0285160166 -0.0738819843 -0.2192993642 0.2107467915 3.9877378293 0.9092180038
8.8500000000 0.0485862317 -0.0547502624 -0.1841398161 0.2209430052 3.9795325679 0.8425069435
8.8600000000 0.0491914342 -0.0439007720 -0.1428550124 0.2310282813 3.9634271102 0.7721088632
8.8700000000 0.0215232051 -0.0459713387 -0.0540778645 0.2555417644 3.8687658766 0.6324137394
8.8800000000 -0.0110467777 -0.0460233828 -0.0029449195 0.2606793811 3.7146016891 0.4465640595
8.8900000000 -0.0140061535 -0.0267925118 -0.0051927583 0.2494320321 3.5945509210 0.3070686719
8.9000000000 -0.0098970914 -0.0056062012 0.0160105970 0.2478836085 3.4898100045 0.1925341801
8.9100000000 -0.0246847746 0.0033295227 0.0507958647 0.2492140082 3.3801312150 0.0838278690
8.9200000000 -0.0267603234 0.0206864299 0.0568349986 0.2377349099 3.3136276888 0.0255954687
8.9300000000 -0.0339678690 0.0323723852 0.0528139445 0.2239201805 3.2375194610 -0.0357416579
8.9400000000 -0.0692497824 0.0275593401 0.0651424173 0.2147194407 3.2080524478 -0.0457301157
8.9500000000 -0.1046953687 0.0234170303 0.0894989537 0.2084062984 3.2416329833 0.0059707429
8.9600000000 -0.1333968950 0.0222696871 0.0753383488 0.1854773104 3.2779586786 0.0587183317
8.9700000000 -0.1590565699 0.0207006152 0.0484109653 0.1613148238 3.3336886378 0.1273294321
8.9800000000 -0.1879211671 0.0148580510 0.0533830279 0.1475431374 3.3976932001 0.1994428241
8.9900000000 -0.2347023034 -0.0036445756 0.0320655239 0.1226102402 3.3939384085 0.2017020821
9.0000000000 -0.3120875334 -0.0406902090 0.0054443028 0.0975199380 3.3228990843 0.1394582527
9.0100000000 -0.3999480743 -0.0828096984 -0.0417998027 0.0644455945 3.2540361335 0.0818936534
9.0200000000 -0.4494271962 -0.1026197839 -0.1379728148 0.0163769322 3.1818979666 0.0234967043
9.0300000000 -0.4599453519 -0.1049179184 -0.1821857274 -0.0090312948 3.1107864558 -0.0310516274
9.0400000000 -0.4341433447 -0.0909886285 -0.1616850062 -0.0151968693 3.0668902259 -0.0570802157
9.0500000000 -0.3810684607 -0.0672438250 -0.1604289934 -0.0313921297 3.0416242064 -0.0644952270
9.0600000000 -0.3216295423 -0.0432996630 -0.1638444766 -0.0470131707 2.9491586114 -0.1362442055
9.0700000000 -0.2577461176 -0.0182325255 -0.1282319835 -0.0468925564 2.7613377563 -0.2940885879
9.0800000000 -0.1991599632 0.0040486949 -0.0779507972 -0.0419445056 2.5519108892 -0.4627170977
9.0900000000 -0.1491052407 0.0230892235 -0.0426835264 -0.0406086361 2.3572800517 -0.6067753081
9.1000000000 -0.0891840358 0.0508758312 -0.0256522896 -0.0423216440 2.1894328917 -0.7158530257
9.1100000000 -0.0436885287 0.0706295227 0.0079071113 -0.0334082011 2.0058761255 -0.8326448958
9.1200000000 -0.0136126788 0.0851880213 0.0395819894 -0.0242371263 1.7519141049 -1.0080314656
9.1300000000 0.0113979466 0.0988863828 0.0718629251 -0.0108857882 1.5010860434 -1.1679715604
9.1400000000 0.0296828238 0.1113657769 0.1024483085 0.0027530170 1.3048905965 -1.2653902159
9.1500000000 0.0383165514 0.1190401972 0.0786402210 -0.0002085386 1.1574590881 -1.3092550081
9.1600000000 0.0188057135 0.1118642637 0.0121414617 -0.0134677700 1.0732527015 -1.2895489066
9.1700000000 0.0014766125 0.1087293794 -0.0602252568 -0.0245427663 1.0167212377 -1.2446228199
9.1800000000 -0.0045725854 0.1118038056 -0.0821420936 -0.0163537510 1.0013071479 -1.1632055391
9.1900000000 -0.0297573788 0.1020143501 -0.0564700739 0.0047933481 1.0541559762 -1.0230695381
9.2000000000 -0.0685401697 0.0849302416 0.0229600948 0.0420418396 1.1149139742 -0.8859305654
9.2100000000 -0.1128860232 0.0643608942 0.1047595541 0.0742944507 1.1561164257 -0.7778332720
9.2200000000 -0.1777054851 0.0313700194 0.1347496482 0.0886213933 1.2040884855 -0.6726327464
9.2300000000 -0.2500987115 -0.0053502660 0.1210734328 0.0898019252 1.2287936563 -0.5993726057
9.2400000000 -0.3072689317 -0.0335750727 0.0900604107 0.0887901912 1.2663162820 -0.5208994196
9.2500000000 -0.3587813204 -0.0611877847 0.0862905049 0.0980367097 1.3377581485 -0.4185524206
9.2600000000 -0.4173307369 -0.0948504832 0.0882684816 0.1065838032 1.4260764110 -0.3089360212
9.2700000000 -0.4661104909 -0.1234321485 0.0668340995 0.1047782820 1.5491147294 -0.1757961534
9.2800000000 -0.4900133332 -0.1390079155 0.0844989231 0.1174303165 1.6606161681 -0.0643908054
9.2900000000 -0.5009827330 -0.1497464238 0.1297800631 0.1342918580 1.7521988393 0.0193751717
9.3000000000 -0.5092600287 -0.1602994976 0.1657597594 0.1456359252 1.8489422274 0.1010280796
9.3100000000 -0.5278161745 -0.1772983318 0.1592922017 0.1391943596 1.9659038966 0.1954821864
9.3200000000 -0.5560475875 -0.1979185179 0.1411520209 0.1319759276 2.0596205030 0.2605343996
9.3300000000 -0.5895754433 -0.2196538682 0.1697473378 0.1397355739 2.1275415740 0.2968906919
9.3400000000 -0.6133192587 -0.2329010586 0.2446167328 0.1610360550 2.2721275497 0.4038283166
9.3500000000 -0.6306477405 -0.2420924517 0.2770759800 0.1608580717 2.3749505617 0.4632036729
9.3600000000 -0.6573193021 -0.2555172755 0.2471353673 0.1420492754 2.3859650191 0.4332425665
9.3700000000 -0.7150390735 -0.2858291488 0.2408176288 0.1337982327 2.4082145122 0.4162373721
9.3800000000 -0.8032433097 -0.3293385130 0.2083838293 0.1143506885 2.4034427727 0.3754031655
9.3900000000 -0.8753257582 -0.3591101656 0.1314136562 0.0803521590 2.3485763576 0.2911583942
9.4000000000 -0.9450424453 -0.3877614925 0.0226323601 0.0362532690 2.2500660153 0.1725153660
9.4100000000 -1.0168187852 -0.4167369825 -0.0781623754 -0.0030550395 2.0830032076 -0.0017830050
9.4200000000 -1.0597474219 -0.4287661205 -0.1400418702 -0.0307811356 1.9114598511 -0.1662297152
9.4300000000 -1.0870392185 -0.4341464710 -0.2161415272 -0.0674573371 1.7982319452 -0.2624149933
9.4400000000 -1.1034228861 -0.4344243780 -0.2910734779 -0.1032489704 1.7210213373 -0.3152683594
9.4500000000 -1.0646925460 -0.4030100519 -0.3661610925 -0.1407519460 1.6080973566 -0.3961469291
9.4600000000 -0.9932037552 -0.3575376284 -0.4017579556 -0.1622872775 1.4213220361 -0.5390675018
9.4700000000 -0.9406976086 -0.3255255289 -0.3990062409 -0.1738924964 1.2359649764 -0.6690720105
9.4800000000 -0.9107895041 -0.3049960963 -0.4350304123 -0.1996202076 1.0264040641 -0.8125737998
9.4900000000 -0.8807922316 -0.2803598393 -0.4532273499 -0.2145845334 0.7979504555 -0.9625810735
9.5000000000 -0.8596397753 -0.2593705497 -0.4153020172 -0.2084897732 0.6400934238 -1.0346848646
9.5100000000 -0.8599839581 -0.2481642765 -0.3646610089 -0.1985346225 0.5163585353 -1.0690926693
9.5200000000 -0.8533784185 -0.2301348188 -0.3200393333 -0.1883032973 0.4085525476 -1.0851061926
9.5300000000 -0.8425851362 -0.2097905956 -0.2502483346 -0.1651568848 0.3822747079 -1.0223165370
9.5400000000 -0.8562393447 -0.2046057052 -0.1893988219 -0.1437054964 0.3704693778 -0.9509870385
9.5500000000 -0.8819463844 -0.2050627373 -0.1657223227 -0.1304401265 0.2501635985 -0.9883331020
9.5600000000 -0.8973483477 -0.1997011177 -0.1041591152 -0.0974603666 0.1572834016 -0.9978921315
9.5700000000 -0.9045331071 -0.1916106729 -0.0159289809 -0.0550175984 0.1547503125 -0.9242420608
9.5800000000 -0.9070216942 -0.1836819225 0.0263639683 -0.0276640425 0.1493399453 -0.8601435400
9.5900000000 -0.9238408656 -0.1872711828 0.0085722968 -0.0171577204 0.1477680195 -0.7988257111
9.6000000000 -0.9341940954 -0.1876653043 -0.0463423711 -0.0141412833 0.1385515894 -0.7515409138
9.6100000000 -0.9337863772 -0.1850595720 -0.1325269769 -0.0193486809 0.1607276379 -0.6797285258
9.6200000000 -0.9475083328 -0.1934098816 -0.2054810307 -0.0171305629 0.2484129354 -0.5532759500
9.6300000000 -0.9546345830 -0.1988035569 -0.2612687962 -0.0122636801 0.3945620541 -0.3817514900
9.6400000000 -0.9353114606 -0.1908914046 -0.3504686375 -0.0221523623 0.5421620140 -0.2228231467
9.6500000000 -0.9205977002 -0.1899731459 -0.4405566174 -0.0330523617 0.6320937904 -0.1311302836
9.6600000000 -0.9187101215 -0.1974390164 -0.5314827591 -0.0476590784 0.6919474297 -0.0763496976
9.6700000000 -0.9062784489 -0.1990272276 -0.6694467060 -0.0819239994 0.7136428736 -0.0639411536
9.6800000000 -0.9017427928 -0.2067968312 -0.8351992405 -0.1259221358 0.6573260065 -0.1284593873
9.6900000000 -0.8890493137 -0.2089715574 -0.9522078348 -0.1535626204 0.5651636338 -0.2238904300
9.7000000000 -0.8588021798 -0.2023522484 -1.0388694512 -0.1773622071 0.5167588423 -0.2723020488
9.7100000000 -0.8403424511 -0.2040665729 -1.0832122003 -0.1896717276 0.4960761676 -0.2914668846
9.7200000000 -0.8365444137 -0.2136322589 -1.0428164318 -0.1780218068 0.4549605435 -0.3279650630
9.7300000000 -0.8403844423 -0.2260425212 -0.9767588075 -0.1640580970 0.3964943165 -0.3773083765
9.7400000000 -0.8555602640 -0.2438032621 -0.9448744614 -0.1646372274 0.3190208799 -0.4402769600
9.7500000000 -0.8548051321 -0.2499511035 -0.9561335498 -0.1774454520 0.2594987795 -0.4802279298
9.7600000000 -0.8357280809 -0.2466765867 -0.9638177979 -0.1840547686 0.2110745172 -0.5058759987
9.7700000000 -0.8165023500 -0.2441391437 -0.9457169714 -0.1796747754 0.0913429848 -0.5959770367
9.7800000000 -0.7849259843 -0.2344423576 -0.8858899291 -0.1595201794 -0.0695353979 -0.7173210670
9.7900000000 -0.7375786310 -0.2159333403 -0.7882130650 -0.1273429158 -0.2024413617 -0.8028787904
9.8000000000 -0.6992813164 -0.2037774174 -0.6588697392 -0.0838344489 -0.3065697987 -0.8541799124
9.8100000000 -0.6621309454 -0.1901463627 -0.5423951342 -0.0458509300 -0.3614415622 -0.8536104729
9.8200000000 -0.6264201811 -0.1767827494 -0.4916236656 -0.0273262574 -0.3878373946 -0.8250695237
9.8300000000 -0.6271972505 -0.1832016823 -0.4589116198 -0.0082311476 -0.4027661910 -0.7861206570
9.8400000000 -0.6440343289 -0.1945438928 -0.4590405506 0.0019697201 -0.3340479685 -0.6694691989
9.8500000000 -0.6425976627 -0.1923562158 -0.5389973040 -0.0120807751 -0.2235644119 -0.5212528321
9.8600000000 -0.6328452287 -0.1859998364 -0.6448335507 -0.0294529038 -0.1169844070 -0.3863481062
9.8700000000 -0.6248988657 -0.1812019913 -0.7018262601 -0.0280410599 -0.0595384662 -0.3085432111
9.8800000000 -0.6289265182 -0.1840875728 -0.7085217726 -0.0134609614 -0.1034227075 -0.3334166556
9.8900000000 -0.6492197522 -0.1955080168 -0.7058305912 -0.0011166672 -0.1801053792 -0.3896319327
9.9000000000 -0.6446689084 -0.1907434072 -0.6563134594 0.0255542017 -0.2285891003 -0.4174269975
9.9100000000 -0.6160096712 -0.1744860849 -0.5419362526 0.0696546878 -0.2555817895 -0.4247051799
9.9200000000 -0.5844293149 -0.1588389367 -0.4413317505 0.1032652268 -0.2739870283 -0.4243219846
9.9300000000 -0.5585650956 -0.1481794134 -0.3799296672 0.1231524479 -0.2464051977 -0.3808330746
9.9400000000 -0.5339857161 -0.1378264079 -0.3736847716 0.1248679705 -0.2273329200 -0.3494027868
9.9500000000 -0.5216146952 -0.1351629708 -0.3643776551 0.1327266348 -0.2461052343 -0.3558519223
9.9600000000 -0.5324924116 -0.1445502207 -0.3495442747 0.1402195960 -0.2794993353 -0.3765355758
9.9700000000 -0.5408026053 -0.1503524997 -0.4007612759 0.1238269522 -0.3298187076 -0.4121510502
9.9800000000 -0.5200938157 -0.1387347023 -0.4530908087 0.1097800051 -0.3895293948 -0.4547479520
9.9900000000 -0.4888840982 -0.1241738275 -0.5158892731 0.0892381852 -0.3654027764 -0.4142054518
10.0000000000 -0.4914474591 -0.1312417894 -0.4982895774 0.0985577087 -0.2842921001 -0.3229811330
