x y z
0.910016536 0.681485478 2
0.906675707 0.629251658 2
0.919475051 0.648947774 2
0.920751148 0.686241037 2
0.930590887 0.618382048 2
0.925027215 0.634302913 2
0.928712748 0.704485566 2
0.92754705 0.651663666 2
0.909258558 0.579339359 2
0.905271453 0.623520307 2
0.894651847 0.588130297 2
0.896781862 0.598658496 2
0.895515993 0.645723609 2
0.907827394 0.623042058 2
0.891947221 0.60708784 2
0.897933633 0.657817853 2
0.913225302 0.643444628 2
0.924223264 0.622875153 2
0.921077359 0.667782546 2
0.912669553 0.642538588 2
0.911955466 0.60608605 2
0.920248454 0.654377352 2
0.918729584 0.622259862 2
0.910291447 0.579759224 2
0.898141621 0.590783838 2
0.902419147 0.569486603 2
0.919412522 0.636778024 2
0.924379634 0.677331439 2
0.923279555 0.650190929 2
0.907024371 0.606025317 2
0.90332711 0.641202332 2
0.913002362 0.605724091 2
0.921961658 0.641335348 2
0.910405171 0.646738319 2
0.903723106 0.5958722 2
0.914013291 0.639362656 2
0.912945037 0.67116622 2
0.91753552 0.63899433 2
0.928152739 0.627313413 2
0.933997488 0.686307052 2
0.913104441 0.651519069 2
0.905019637 0.603290621 2
0.91179639 0.658179594 2
0.922477264 0.64028118 2
0.903693013 0.57967015 2
0.914170839 0.631300919 2
0.9153332 0.593944704 2
0.921414455 0.609926458 2
0.920355788 0.660355193 2
0.915125078 0.637170084 2
0.919894691 0.64113445 2
0.914468373 0.684518253 2
0.918815859 0.641715251 2
0.92106241 0.63676956 2
0.91813447 0.656448494 2
0.912099199 0.599068922 2
0.915941146 0.634100379 2
0.921375619 0.676735031 2
0.916571066 0.626434466 2
0.960379407 0.880392447 2
0.961534716 0.831318218 2
0.971405548 0.864713229 2
0.967991294 0.890501671 2
0.981177784 0.852382459 2
0.965189871 0.846875753 2
0.966749523 0.898970439 2
0.972038676 0.838676673 2
0.951611598 0.794143338 2
0.947730167 0.829179749 2
0.947163939 0.786737397 2
0.947417212 0.801650463 2
0.94579026 0.846185565 2
0.962342874 0.836182579 2
0.94577481 0.827374169 2
0.94734803 0.864228882 2
0.962826351 0.84158639 2
0.965112972 0.824597372 2
0.96371795 0.867127491 2
0.965498078 0.845098227 2
0.955023513 0.808416584 2
0.961729629 0.846646597 2
0.962748417 0.814068714 2
0.957163853 0.796103759 2
0.947164886 0.807843531 2
0.956228345 0.784404404 2
0.967575772 0.847011674 2
0.970728182 0.886290463 2
0.973085454 0.84979163 2
0.955590305 0.819295389 2
0.951535817 0.85080568 2
0.963847321 0.809412887 2
0.973274703 0.872570779 2
0.964305695 0.885446462 2
0.961278964 0.809428601 2
0.956599882 0.846015006 2
0.957142946 0.880707946 2
0.970643195 0.84273367 2
0.973494797 0.851759522 2
0.973540265 0.894375156 2
0.967660703 0.851634809 2
0.956544447 0.818249877 2
0.96172818 0.873300159 2
0.970991045 0.832492303 2
0.956894446 0.814211815 2
0.957683996 0.839945609 2
0.965334494 0.800386807 2
0.964852015 0.826295629 2
0.965052985 0.86820263 2
0.967421791 0.84572655 2
0.968387617 0.859121015 2
0.963312268 0.901458831 2
0.971921518 0.851376141 2
0.963872577 0.842638758 2
0.960950725 0.856829747 2
0.95570598 0.788005614 2
0.960171597 0.833331053 2
0.962358 0.865754729 2
0.962328256 0.82049428 2
0.98802557 0.991629201 2
0.97555403 0.941980499 2
0.994267843 0.958279823 2
0.992097449 0.995800362 2
0.992297358 0.985015359 2
0.994504351 0.963181005 2
0.995866112 1 2
0.996305214 0.97753426 2
0.983609955 0.921251763 2
0.979829834 0.944978811 2
0.970698835 0.929131629 2
0.974659061 0.8992018 2
0.973916667 0.927523897 2
0.975858168 0.955917986 2
0.981515997 0.956729498 2
0.982127378 0.96538005 2
0.983671774 0.971205776 2
0.98857337 0.933579418 2
0.991844714 0.964970085 2
0.981112698 0.971733266 2
0.983923215 0.93242146 2
0.988930536 0.940267607 2
0.981384898 0.938475228 2
0.983567307 0.916716552 2
0.977152821 0.918169879 2
0.972198301 0.919295972 2
0.991477709 0.945228796 2
0.993837444 0.957227974 2
0.98562942 0.97414332 2
0.985529541 0.936135125 2
0.978993298 0.941132274 2
0.979944238 0.947714534 2
1 0.98741439 2
0.994426862 0.993105824 2
0.979497833 0.955097976 2
0.98927432 0.958757896 2
0.990533855 0.984224467 2
0.984837858 0.973994578 2
0.997227012 0.960120724 2
0.997962972 0.971469116 2
0.975458206 0.968865737 2
0.986147539 0.933555473 2
0.990704947 0.965199031 2
0.985310884 0.960550366 2
0.990111442 0.945357887 2
0.987886606 0.9277321 2
0.97778045 0.938035436 2
0.988104314 0.925383042 2
0.988414518 0.946917806 2
0.982004719 0.961313713 2
0.995534482 0.964245802 2
0.991429934 0.974158196 2
0.98331002 0.976247426 2
0.992928372 0.960124188 2
0.989994311 0.951294701 2
0.974076489 0.920234026 2
0.987239025 0.94211782 2
0.989455781 0.952450471 2
0.975352884 0.933130666 2
0.968492086 0.924079144 2
0.94620529 0.883022848 2
0.980618714 0.902681652 2
0.967760817 0.923715112 2
0.966533512 0.913858369 2
0.981724471 0.922355379 2
0.977243059 0.949704376 2
0.964809237 0.914206151 2
0.968826669 0.857664413 2
0.957530181 0.883164393 2
0.94764968 0.883409678 2
0.957658234 0.834380643 2
0.949084512 0.848057108 2
0.949412937 0.867279765 2
0.969300196 0.91210385 2
0.957623303 0.91757648 2
0.956007387 0.899570189 2
0.975262452 0.890649402 2
0.972709786 0.914413395 2
0.960373067 0.906998275 2
0.970322871 0.890933501 2
0.964349508 0.889920168 2
0.956948509 0.872203285 2
0.965529759 0.848122706 2
0.951223666 0.868308361 2
0.947097506 0.853404227 2
0.974828129 0.88792567 2
0.971689446 0.905600838 2
0.965899613 0.910661754 2
0.970501982 0.881921292 2
0.957563881 0.88684763 2
0.952848839 0.870081844 2
0.983549935 0.928059794 2
0.970486252 0.932489971 2
0.955850926 0.890760974 2
0.975002793 0.907986967 2
0.968911013 0.929854794 2
0.956589292 0.90672566 2
0.98005127 0.893259131 2
0.971090367 0.913637685 2
0.951538352 0.899036836 2
0.973292717 0.890805066 2
0.967352458 0.906905202 2
0.956597021 0.885208176 2
0.975844007 0.893056514 2
0.969829203 0.895986525 2
0.960240929 0.870811535 2
0.97315392 0.879964211 2
0.961390123 0.86934124 2
0.952753202 0.877269571 2
0.976371581 0.894797067 2
0.962541208 0.905999092 2
0.961960246 0.889927952 2
0.976505924 0.897476078 2
0.967373549 0.89365532 2
0.952074996 0.852874349 2
0.975947565 0.896817551 2
0.969557335 0.899308363 2
0.952708293 0.858368557 2
