x y1 y2
0.0000000000 -0.0000000000 0.0000000000
0.0100000000 0.1339792256 0.1332970857
0.0200000000 0.2190206817 0.2155249224
0.0300000000 0.2979251767 0.2887400962
0.0400000000 0.2879164448 0.2700270952
0.0500000000 0.2330449201 0.2047972055
0.0600000000 0.1829040853 0.1441243491
0.0700000000 0.1366437149 0.0883980086
0.0800000000 0.1133403726 0.0574445408
0.0900000000 0.1169143426 0.0554174029
0.1000000000 0.1723435023 0.1068840996
0.1100000000 0.2671768465 0.1982612925
0.1200000000 0.3043226099 0.2312153979
0.1300000000 0.2310091090 0.1531801392
0.1400000000 0.1518619715 0.0702969080
0.1500000000 0.1552694244 0.0718386472
0.1600000000 0.1336617926 0.0498900378
0.1700000000 0.0736740181 -0.0085941207
0.1800000000 0.0301630246 -0.0483480991
0.1900000000 0.0276269571 -0.0448524911
0.2000000000 0.1503529956 0.0851564273
0.2100000000 0.3050311428 0.2458089926
0.2200000000 0.3945071870 0.3379631072
0.2300000000 0.4110811107 0.3534070354
0.2400000000 0.3900496459 0.3282239552
0.2500000000 0.3350765274 0.2672645686
0.2600000000 0.2692942474 0.1952375381
0.2700000000 0.2921410631 0.2126221737
0.2800000000 0.3493721383 0.2647236566
0.2900000000 0.4092910725 0.3192210759
0.3000000000 0.4901149757 0.3936477398
0.3100000000 0.5273194685 0.4228872001
0.3200000000 0.5124056503 0.3987786729
0.3300000000 0.5342026662 0.4109723220
0.3400000000 0.5974506463 0.4641978754
0.3500000000 0.6819812819 0.5378479016
0.3600000000 0.7817268045 0.6251682336
0.3700000000 0.8299426593 0.6589462657
0.3800000000 0.8104230677 0.6235634576
0.3900000000 0.7780736781 0.5752997682
0.4000000000 0.7746072848 0.5569851540
0.4100000000 0.8470569063 0.6159590614
0.4200000000 0.9972096554 0.7529794035
0.4300000000 1.0715657604 0.8130243974
0.4400000000 1.0529382095 0.7791545637
0.4500000000 1.0060281715 0.7173446056
0.4600000000 0.9304625560 0.6287169839
0.4700000000 0.8247171375 0.5132731914
0.4800000000 0.6814164749 0.3652519374
0.4900000000 0.5904826322 0.2759932516
0.5000000000 0.5603411366 0.2538523783
0.5100000000 0.5611829835 0.2680302621
0.5200000000 0.5484055815 0.2725048895
0.5300000000 0.4465808134 0.1911095531
0.5400000000 0.2930613885 0.0617257037
0.5500000000 0.1865829192 -0.0161964029
0.5600000000 0.2180687754 0.0476146755
0.5700000000 0.2959825602 0.1590441977
0.5800000000 0.3235029587 0.2189577909
0.5900000000 0.2825522557 0.2082042586
0.6000000000 0.2283323336 0.1821651530
0.6100000000 0.1965263479 0.1766568877
0.6200000000 0.2496066437 0.2539343514
0.6300000000 0.4159334105 0.4406860474
0.6400000000 0.5655623330 0.6045543830
0.6500000000 0.6572139928 0.7030293535
0.6600000000 0.7798887180 0.8250080624
0.6700000000 0.9125806886 0.9491300764
0.6800000000 1.0740152374 1.0941296881
0.6900000000 1.2391596587 1.2347006060
0.7000000000 1.3266613897 1.2899947169
0.7100000000 1.3243594801 1.2496733521
0.7200000000 1.3199658869 1.2043539639
0.7300000000 1.3818175908 1.2244228231
0.7400000000 1.4038587166 1.2049032847
0.7500000000 1.3612482829 1.1225995282
0.7600000000 1.3252292599 1.0507373522
0.7700000000 1.2982875273 0.9930722892
0.7800000000 1.2422947416 0.9123527234
0.7900000000 1.1193889324 0.7717367212
0.8000000000 0.8704589298 0.5138962477
0.8100000000 0.6028227892 0.2489171986
0.8200000000 0.4490387304 0.1108120069
0.8300000000 0.3355018285 0.0251196392
0.8400000000 0.1741905604 -0.0975498272
0.8500000000 -0.0024479022 -0.2256173727
0.8600000000 -0.1422778024 -0.3080232721
0.8700000000 -0.2172234459 -0.3185492725
0.8800000000 -0.2829841503 -0.3155337004
0.8900000000 -0.2997044282 -0.2615150591
0.9000000000 -0.2578656788 -0.1499743547
0.9100000000 -0.2775712482 -0.1037820175
0.9200000000 -0.3471744036 -0.1124332895
0.9300000000 -0.3057941865 -0.0155525609
0.9400000000 -0.1739769973 0.1642454912
0.9500000000 -0.0915376389 0.2850302577
0.9600000000 -0.0705563202 0.3341632012
0.9700000000 -0.0994798572 0.3240043995
0.9800000000 -0.1105405232 0.3238709981
0.9900000000 -0.1105176391 0.3281382996
1.0000000000 -0.1024073538 0.3349540528
1.0100000000 -0.0416987204 0.3895932224
1.0200000000 0.0418641038 0.4624083149
1.0300000000 0.1137484905 0.5189075755
1.0400000000 0.2175136221 0.6029478908
1.0500000000 0.3418246773 0.7030346680
1.0600000000 0.3642807857 0.6969505926
1.0700000000 0.2598411773 0.5616801667
1.0800000000 0.1352947904 0.4072841545
1.0900000000 0.0681567849 0.3138224033
1.1000000000 0.0323076960 0.2562828136
1.1100000000 -0.0306200592 0.1767566531
1.1200000000 -0.0638906377 0.1324710094
1.1300000000 -0.0671860455 0.1233107255
1.1400000000 -0.1180536120 0.0710979945
1.1500000000 -0.2035410958 -0.0112104887
1.1600000000 -0.3101428403 -0.1098326979
1.1700000000 -0.4131125888 -0.1997256162
1.1800000000 -0.4455118648 -0.2141948290
1.1900000000 -0.4247759041 -0.1721574234
1.2000000000 -0.3698541278 -0.0945191219
1.2100000000 -0.3555064875 -0.0580668537
1.2200000000 -0.4408359696 -0.1225383569
1.2300000000 -0.5194594543 -0.1808889149
1.2400000000 -0.5772966196 -0.2187689789
1.2500000000 -0.6139920197 -0.2358095909
1.2600000000 -0.5762142501 -0.1792239180
1.2700000000 -0.5595061171 -0.1458570400
1.2800000000 -0.6385281822 -0.2106267468
1.2900000000 -0.7518221409 -0.3109770787
1.3000000000 -0.8845259381 -0.4307313665
1.3100000000 -1.0222123844 -0.5541158842
1.3200000000 -1.1373627743 -0.6526686397
1.3300000000 -1.2653222379 -0.7613120610
1.3400000000 -1.4034368800 -0.8769277082
1.3500000000 -1.5124616744 -0.9600471185
1.3600000000 -1.5781556691 -0.9968878426
1.3700000000 -1.6558947387 -1.0438398917
1.3800000000 -1.8068608031 -1.1625350014
1.3900000000 -1.9572889915 -1.2787289228
1.4000000000 -2.0271938861 -1.3125198364
1.4100000000 -2.0755978023 -1.3241519205
1.4200000000 -2.0619108603 -1.2743562953
1.4300000000 -2.0045698494 -1.1837207177
1.4400000000 -1.9306647338 -1.0813185292
1.4500000000 -1.7542242025 -0.8832416381
1.4600000000 -1.5829152867 -0.6998474077
1.4700000000 -1.4401111138 -0.5559356445
1.4800000000 -1.3381334926 -0.4642983870
1.4900000000 -1.2444774195 -0.3916467825
1.5000000000 -1.0947637022 -0.2728670213
1.5100000000 -1.0096639507 -0.2280871584
1.5200000000 -0.9944840255 -0.2606904325
1.5300000000 -1.0357125631 -0.3544608004
1.5400000000 -1.1141489932 -0.4869427695
1.5500000000 -1.2146564073 -0.6399398138
1.5600000000 -1.2992832038 -0.7727686986
1.5700000000 -1.3572721453 -0.8730680231
1.5800000000 -1.4231278268 -0.9744481419
1.5900000000 -1.4656509736 -1.0452611793
1.6000000000 -1.5161874248 -1.1170465153
1.6100000000 -1.5935904265 -1.2088269255
1.6200000000 -1.7250628082 -1.3477684560
1.6300000000 -1.8088083693 -1.4316636785
1.6400000000 -1.8033635481 -1.4201144295
1.6500000000 -1.7536928059 -1.3602012774
1.6600000000 -1.7018892719 -1.2965254018
1.6700000000 -1.6782728782 -1.2612705994
1.6800000000 -1.6647022311 -1.2375088281
1.6900000000 -1.6484055772 -1.2132194549
1.7000000000 -1.5936593943 -1.1534081274
1.7100000000 -1.5770966737 -1.1355707864
1.7200000000 -1.6115882944 -1.1723643951
1.7300000000 -1.5673092416 -1.1333566387
1.7400000000 -1.4496101675 -1.0246081769
1.7500000000 -1.3428025429 -0.9315919642
1.7600000000 -1.2701694531 -0.8780903273
1.7700000000 -1.2358377433 -0.8678853097
1.7800000000 -1.2282577482 -0.8884193703
1.7900000000 -1.2373191535 -0.9282574746
1.8000000000 -1.2508096626 -0.9738033969
1.8100000000 -1.2934759240 -1.0485292043
1.8200000000 -1.3870408152 -1.1725660917
1.8300000000 -1.5380681670 -1.3504995627
1.8400000000 -1.6675602329 -1.5011806546
1.8500000000 -1.7729317263 -1.6210340128
1.8600000000 -1.8498660233 -1.7053908255
1.8700000000 -1.8622969965 -1.7188665848
1.8800000000 -1.8371606058 -1.6899881057
1.8900000000 -1.7984640087 -1.6447522870
1.9000000000 -1.7486990853 -1.5874747507
1.9100000000 -1.6810690406 -1.5131077573
1.9200000000 -1.6068097761 -1.4344507626
1.9300000000 -1.4921905402 -1.3191439107
1.9400000000 -1.3990405488 -1.2304708806
1.9500000000 -1.3348312616 -1.1763545347
1.9600000000 -1.2127706372 -1.0700885684
1.9700000000 -1.0485692373 -0.9280883024
1.9800000000 -0.8901873266 -0.7990667714
1.9900000000 -0.7545384094 -0.7000981491
2.0000000000 -0.6416975085 -0.6307509441
2.0100000000 -0.5872264189 -0.6254768861
2.0200000000 -0.5238643538 -0.6151105605
2.0300000000 -0.4310133404 -0.5777591570
2.0400000000 -0.3499781753 -0.5537480707
2.0500000000 -0.2859678836 -0.5472964006
2.0600000000 -0.2762220779 -0.5943884956
2.0700000000 -0.2276496991 -0.6003402707
2.0800000000 -0.1468162755 -0.5712724655
2.0900000000 -0.1635440039 -0.6366714661
2.1000000000 -0.2547774548 -0.7718397819
2.1100000000 -0.3042451170 -0.8586425840
2.1200000000 -0.3184535815 -0.9030534666
2.1300000000 -0.3677835651 -0.9754884066
2.1400000000 -0.4576439856 -1.0810850574
2.1500000000 -0.5065194438 -1.1379803705
2.1600000000 -0.4583733932 -1.0910534712
2.1700000000 -0.4155847012 -1.0448146074
2.1800000000 -0.4024586554 -1.0251294050
2.1900000000 -0.3792729032 -0.9934129739
2.2000000000 -0.2914454341 -0.8963169343
2.2100000000 -0.1947730868 -0.7916105202
2.2200000000 -0.0986693628 -0.6900944962
2.2300000000 0.0184548614 -0.5714462979
2.2400000000 0.1098715610 -0.4832887430
2.2500000000 0.2599836124 -0.3416225743
2.2600000000 0.3658784486 -0.2502214410
2.2700000000 0.4245407357 -0.2115383181
2.2800000000 0.5374806582 -0.1232583239
2.2900000000 0.6560400536 -0.0337951078
2.3000000000 0.7192354727 -0.0036574581
2.3100000000 0.8029547594 0.0443297554
2.3200000000 0.9866048384 0.1899684185
2.3300000000 1.1823000542 0.3446075792
2.3400000000 1.3593786869 0.4771199359
2.3500000000 1.4602569998 0.5300855707
2.3600000000 1.4682646628 0.4884667228
2.3700000000 1.4096167509 0.3810850224
2.3800000000 1.3356418887 0.2622811489
2.3900000000 1.3387427356 0.2265896980
2.4000000000 1.3583434844 0.2139026321
2.4100000000 1.3603619413 0.1902954827
2.4200000000 1.3305308819 0.1416054038
2.4300000000 1.2720068175 0.0714199390
2.4400000000 1.2705686937 0.0657104707
2.4500000000 1.2342723803 0.0317329854
2.4600000000 1.1363124532 -0.0573444620
2.4700000000 1.0800893666 -0.0979151894
2.4800000000 1.0435031451 -0.1127569646
2.4900000000 1.0344384619 -0.0949852416
2.5000000000 1.0707139433 -0.0283223784
2.5100000000 1.0935315946 0.0265913883
2.5200000000 1.0999657351 0.0655736406
2.5300000000 1.1902140042 0.1877259066
2.5400000000 1.3280876195 0.3547036213
2.5500000000 1.3689904385 0.4201602323
2.5600000000 1.2483404077 0.3199916763
2.5700000000 1.0402048878 0.1310737255
2.5800000000 0.8766529692 -0.0114358660
2.5900000000 0.7857035420 -0.0779363985
2.6000000000 0.7614529170 -0.0742335530
2.6100000000 0.7907108759 -0.0145594695
2.6200000000 0.8767407588 0.1026524823
2.6300000000 0.9650368078 0.2207453101
2.6400000000 1.0864277604 0.3689208740
2.6500000000 1.2626085226 0.5669201151
2.6600000000 1.4447415822 0.7639934222
2.6700000000 1.6351425698 0.9610460983
2.6800000000 1.8991611935 1.2223656339
2.6900000000 2.1568444400 1.4664472056
2.7000000000 2.3319824969 1.6168764275
2.7100000000 2.4971881116 1.7474377831
2.7200000000 2.5943550035 1.8016486293
2.7300000000 2.5474757799 1.7064861606
2.7400000000 2.3657454336 1.4759194219
2.7500000000 2.1299455951 1.1963676114
2.7600000000 1.9492953464 0.9818091817
2.7700000000 1.7815975795 0.7926813547
2.7800000000 1.6519699401 0.6556873148
2.7900000000 1.6014627657 0.6117144994
2.8000000000 1.5793220439 0.6084418971
2.8100000000 1.5754622925 0.6336420323
2.8200000000 1.5552238903 0.6504054521
2.8300000000 1.5193627437 0.6576619008
2.8400000000 1.4932463131 0.6792124081
2.8500000000 1.4512905828 0.6879418024
2.8600000000 1.3968864246 0.6861893256
2.8700000000 1.3281381345 0.6712481591
2.8800000000 1.3297600913 0.7272016971
2.8900000000 1.4208222458 0.8712373008
2.9000000000 1.4866183431 0.9863248332
2.9100000000 1.4855261293 1.0296426315
2.9200000000 1.4257633485 1.0096274521
2.9300000000 1.3555462185 0.9755508792
2.9400000000 1.2869863543 0.9405650962
2.9500000000 1.2148316675 0.9003587153
2.9600000000 1.1794553195 0.8960407227
2.9700000000 1.1743540371 0.9211202706
2.9800000000 1.2041923790 0.9799062408
2.9900000000 1.2469865376 1.0496151159
3.0000000000 1.2732429007 1.1001834246
3.0100000000 1.2830647945 1.1315382194
3.0200000000 1.2963874041 1.1638170119
3.0300000000 1.3356780507 1.2195427229
3.0400000000 1.3697026736 1.2673423581
3.0500000000 1.3880726928 1.2969456698
3.0600000000 1.3638715055 1.2819138449
3.0700000000 1.2727427441 1.1991090748
3.0800000000 1.1809479118 1.1166180032
3.0900000000 1.1435952346 1.0907127598
3.1000000000 1.1614907091 1.1222375099
3.1100000000 1.2270683075 1.2027498784
3.1200000000 1.2641104405 1.2547740521
3.1300000000 1.2613630902 1.2666286122
3.1400000000 1.2582409586 1.2777808395
3.1500000000 1.2009852669 1.2346828296
3.1600000000 1.1083539856 1.1571149841
3.1700000000 0.9763746782 1.0422897343
3.1800000000 0.8808939324 0.9674439630
3.1900000000 0.8790064356 0.9896723616
3.2000000000 0.9008553110 1.0379001731
3.2100000000 0.9109110833 1.0752622028
3.2200000000 0.8811843167 1.0729584408
3.2300000000 0.8763669202 1.0954439825
3.2400000000 0.8851177137 1.1307028900
3.2500000000 0.8707635238 1.1415800955
3.2600000000 0.8495181547 1.1441726506
3.2700000000 0.8264954352 1.1436589155
3.2800000000 0.8150588929 1.1534478454
3.2900000000 0.7660744539 1.1244333160
3.3000000000 0.6768837288 1.0546771053
3.3100000000 0.6388579895 1.0364157898
3.3200000000 0.6679876653 1.0853961706
3.3300000000 0.6907069110 1.1270916935
3.3400000000 0.6748734123 1.1288686909
3.3500000000 0.7030542322 1.1732880012
3.3600000000 0.7306161345 1.2150513822
3.3700000000 0.6700611326 1.1666645910
3.3800000000 0.5898078733 1.0977069977
3.3900000000 0.5526766593 1.0719875281
3.4000000000 0.5038278085 1.0349047511
3.4100000000 0.4671507522 1.0107708144
3.4200000000 0.4973308637 1.0540566197
3.4300000000 0.4809241151 1.0504656499
3.4400000000 0.4165234804 0.9987789437
3.4500000000 0.4435065121 1.0387125930
3.4600000000 0.4752977351 1.0826668225
3.4700000000 0.4638684306 1.0821648519
3.4800000000 0.4581618335 1.0861511425
3.4900000000 0.3564398094 0.9931770331
3.5000000000 0.2322171666 0.8784013788
3.5100000000 0.2246840805 0.8819902029
3.5200000000 0.2075665890 0.8769392240
3.5300000000 0.1062534100 0.7886102520
3.5400000000 -0.0533835440 0.6438798466
3.5500000000 -0.1912512926 0.5242822524
3.5600000000 -0.2304605279 0.5069868348
3.5700000000 -0.3099064664 0.4520863767
3.5800000000 -0.3646081585 0.4243148818
3.5900000000 -0.3085330799 0.5084324577
3.6000000000 -0.3188101017 0.5252013382
3.6100000000 -0.3722560368 0.4972641776
3.6200000000 -0.3110742987 0.5820217678
3.6300000000 -0.2398081744 0.6731310503
3.6400000000 -0.2908515752 0.6373698184
3.6500000000 -0.4122015595 0.5279035804
3.6600000000 -0.5448352527 0.4056119316
3.6700000000 -0.6367591594 0.3240251553
3.6800000000 -0.7446103320 0.2271792782
3.6900000000 -0.8633045401 0.1210670343
3.7000000000 -0.9457496811 0.0532803466
3.7100000000 -0.9931508971 0.0224612833
3.7200000000 -0.9648676189 0.0683353386
3.7300000000 -0.8964390619 0.1535131121
3.7400000000 -0.8395760175 0.2244355165
3.7500000000 -0.8463149137 0.2279914485
3.7600000000 -0.9228276152 0.1583293358
3.7700000000 -1.0132019438 0.0725647941
3.7800000000 -1.1065156917 -0.0172124353
3.7900000000 -1.2171456360 -0.1243120112
3.8000000000 -1.2893598687 -0.1920397672
3.8100000000 -1.2951055477 -0.1923902731
3.8200000000 -1.3056820801 -0.1975062404
3.8300000000 -1.3619456783 -0.2486709542
3.8400000000 -1.4239023752 -0.3056598243
3.8500000000 -1.4478613130 -0.3247083297
3.8600000000 -1.4243391900 -0.2968932924
3.8700000000 -1.3724333054 -0.2424178821
3.8800000000 -1.3340098817 -0.2042599316
3.8900000000 -1.2929886344 -0.1669294790
3.9000000000 -1.2517406310 -0.1332621502
3.9100000000 -1.2940858549 -0.1870244907
3.9200000000 -1.3193264648 -0.2262460220
3.9300000000 -1.2749742725 -0.1980215898
3.9400000000 -1.2369199252 -0.1784972901
3.9500000000 -1.1717711958 -0.1344069408
3.9600000000 -1.0990200806 -0.0856694425
3.9700000000 -1.0420188227 -0.0558237047
3.9800000000 -0.9941922433 -0.0381551255
3.9900000000 -0.9877573141 -0.0644055837
4.0000000000 -0.9933894666 -0.1041880966
4.0100000000 -1.0594385877 -0.2047392062
4.0200000000 -1.2275982823 -0.4056406588
4.0300000000 -1.4325420693 -0.6386765870
4.0400000000 -1.6316779422 -0.8587152155
4.0500000000 -1.7706499810 -1.0099067114
4.0600000000 -1.8788633931 -1.1216900012
4.0700000000 -2.0193884373 -1.2576702684
4.0800000000 -2.1382606950 -1.3642773987
4.0900000000 -2.1789949098 -1.3862331927
4.1000000000 -2.2048683644 -1.3890499779
4.1100000000 -2.2431654560 -1.4020026114
4.1200000000 -2.2606247577 -1.3934988242
4.1300000000 -2.2843595896 -1.3922731992
4.1400000000 -2.2667121394 -1.3519123764
4.1500000000 -2.2389231388 -1.3052815809
4.1600000000 -2.2285581958 -1.2809849420
4.1700000000 -2.2652569797 -1.3091335655
4.1800000000 -2.2958663645 -1.3359948864
4.1900000000 -2.2505661088 -1.2916753037
4.2000000000 -2.1964686892 -1.2438889350
4.2100000000 -2.1483249268 -1.2077551659
4.2200000000 -2.0777404410 -1.1549376004
4.2300000000 -1.9738023557 -1.0747855696
4.2400000000 -1.9294098019 -1.0604011263
4.2500000000 -1.8428061119 -1.0091688418
4.2600000000 -1.7020194141 -0.9092385480
4.2700000000 -1.6025912773 -0.8562854257
4.2800000000 -1.5032488318 -0.8085091260
4.2900000000 -1.4719458800 -0.8330592998
4.3000000000 -1.5009592735 -0.9202517969
4.3100000000 -1.4828551959 -0.9605005114
4.3200000000 -1.3989844991 -0.9342356196
4.3300000000 -1.3441042508 -0.9361927905
4.3400000000 -1.3026416129 -0.9502439714
4.3500000000 -1.2997062813 -1.0010076287
4.3600000000 -1.3449220128 -1.0969353063
4.3700000000 -1.3101046125 -1.1087977412
4.3800000000 -1.2282675536 -1.0701008009
4.3900000000 -1.1655944773 -1.0479238980
4.4000000000 -1.1276082837 -1.0483035059
4.4100000000 -1.1357981553 -1.0927627832
4.4200000000 -1.0782604597 -1.0690519144
4.4300000000 -0.9849792691 -1.0081184814
4.4400000000 -0.8954969640 -0.9504414250
4.4500000000 -0.7895662625 -0.8767367963
4.4600000000 -0.6971468564 -0.8177180655
4.4700000000 -0.5869172792 -0.7425638584
4.4800000000 -0.5118134307 -0.7046514591
4.4900000000 -0.5261227031 -0.7577566979
4.5000000000 -0.5839537865 -0.8542648993
4.5100000000 -0.6579758372 -0.9649739888
4.5200000000 -0.8074903160 -1.1473012011
4.5300000000 -0.9421210790 -1.3085125921
4.5400000000 -1.0349048605 -1.4205300522
4.5500000000 -1.1183533426 -1.5155837314
4.5600000000 -1.2463481454 -1.6477299318
4.5700000000 -1.3693006913 -1.7670360656
4.5800000000 -1.3996739297 -1.7865836807
4.5900000000 -1.4122708468 -1.7830216996
4.6000000000 -1.4084469848 -1.7595947686
4.6100000000 -1.4309084457 -1.7608443828
4.6200000000 -1.4452972103 -1.7534979209
4.6300000000 -1.4371542052 -1.7243467714
4.6400000000 -1.4297614330 -1.6977617622
4.6500000000 -1.3712512419 -1.6229045943
4.6600000000 -1.2180644228 -1.4578179991
4.6700000000 -1.0349199943 -1.2696626784
4.6800000000 -0.8599740850 -1.0984324626
4.6900000000 -0.6931636449 -0.9451959285
4.7000000000 -0.5971268739 -0.8727225829
4.7100000000 -0.5272287613 -0.8351168259
4.7200000000 -0.5226924112 -0.8698737429
4.7300000000 -0.5511706855 -0.9418828831
4.7400000000 -0.4966991558 -0.9328386460
4.7500000000 -0.4436741373 -0.9261919158
4.7600000000 -0.3611263554 -0.8900367664
4.7700000000 -0.2616868706 -0.8368781534
4.7800000000 -0.2474762508 -0.8684572737
4.7900000000 -0.2640980911 -0.9289573456
4.8000000000 -0.2485427111 -0.9540683661
4.8100000000 -0.2239138472 -0.9664080061
4.8200000000 -0.2295213584 -1.0049647964
4.8300000000 -0.2783992382 -1.0821622315
4.8400000000 -0.3074931765 -1.1340971296
4.8500000000 -0.2822539149 -1.1262647481
4.8600000000 -0.2111296194 -1.0680504696
4.8700000000 -0.0906273998 -0.9576156868
4.8800000000 0.0286995356 -0.8474994636
4.8900000000 0.2192427423 -0.6670177068
4.9000000000 0.4138564346 -0.4857423068
4.9100000000 0.5825493691 -0.3351069744
4.9200000000 0.7538347563 -0.1875038188
4.9300000000 0.9211627649 -0.0498049981
4.9400000000 1.1271468402 0.1203873375
4.9500000000 1.1857062651 0.1370340458
4.9600000000 1.1383846548 0.0444012894
4.9700000000 1.1651877340 0.0255585027
4.9800000000 1.2293492353 0.0452395603
4.9900000000 1.2369166695 0.0104304283
5.0000000000 1.2727592259 0.0074519061
5.0100000000 1.3796233395 0.0792858019
5.0200000000 1.5160844601 0.1838174972
5.0300000000 1.6756152279 0.3133579500
5.0400000000 1.7862481418 0.3948987030
5.0500000000 1.8897885850 0.4700901612
5.0600000000 2.0538456880 0.6062110582
5.0700000000 2.2242374524 0.7480625608
5.0800000000 2.4027239892 0.8966596046
5.0900000000 2.5157997881 0.9779309650
5.1000000000 2.5580379274 0.9873550453
5.1100000000 2.5695265699 0.9665379110
5.1200000000 2.5262669798 0.8933729179
5.1300000000 2.4460658041 0.7878178229
5.1400000000 2.2995914803 0.6227831723
5.1500000000 2.1783438455 0.4921230035
5.1600000000 2.1426925180 0.4570222884
5.1700000000 2.0955166666 0.4197065095
5.1800000000 2.0108376590 0.3536949473
5.1900000000 1.9424182213 0.3123836644
5.2000000000 1.8744463132 0.2791079146
5.2100000000 1.7710632394 0.2172098553
5.2200000000 1.6827800505 0.1767047589
5.2300000000 1.6581380786 0.2050480961
5.2400000000 1.6143718218 0.2176632399
5.2500000000 1.4673692565 0.1295245450
5.2600000000 1.3021182978 0.0261221034
5.2700000000 1.2425726085 0.0314677843
5.2800000000 1.2189116896 0.0741834102
5.2900000000 1.2117265656 0.1332760039
5.3000000000 1.2392200815 0.2252032028
5.3100000000 1.2617810307 0.3087198007
5.3200000000 1.2424188853 0.3457798551
5.3300000000 1.2686375780 0.4237127546
5.3400000000 1.3981082825 0.5991120010
5.3500000000 1.5202238283 0.7596021091
5.3600000000 1.6337369959 0.9030005260
5.3700000000 1.8230239298 1.1130760506
5.3800000000 2.0258671855 1.3264064141
5.3900000000 2.1844239205 1.4847345545
5.4000000000 2.3326723891 1.6226071754
5.4100000000 2.4279862328 1.6985198378
5.4200000000 2.4455175660 1.6898157743
5.4300000000 2.3671114751 1.5815498430
5.4400000000 2.2112616628 1.3963933923
5.4500000000 2.0901941201 1.2506910981
5.4600000000 1.9393262702 1.0825037352
5.4700000000 1.7935436371 0.9291938913
5.4800000000 1.7053964041 0.8443951132
5.4900000000 1.5830584095 0.7363155573
5.5000000000 1.4784104229 0.6568332979
5.5100000000 1.4455471231 0.6591086879
5.5200000000 1.4137820535 0.6704317912
5.5300000000 1.3151630164 0.6212205906
5.5400000000 1.1789649089 0.5401168005
5.5500000000 1.0514734023 0.4730545693
5.5600000000 0.9386982473 0.4253640265
5.5700000000 0.9161114114 0.4713883710
5.5800000000 0.9711262026 0.5959869327
5.5900000000 1.0183033784 0.7108654958
5.6000000000 1.0546180015 0.8108742946
5.6100000000 1.0750033900 0.8895598711
5.6200000000 1.0577258038 0.9245578099
5.6300000000 1.0242977690 0.9376354882
5.6400000000 0.9726052688 0.9272453362
5.6500000000 0.8381746922 0.8300686678
5.6600000000 0.6801968688 0.7074966183
5.6700000000 0.6086196473 0.6711917265
5.6800000000 0.6056834056 0.7034501594
5.6900000000 0.6969562413 0.8288730543
5.7000000000 0.8071375741 0.9700402998
5.7100000000 0.8325588930 1.0219606200
5.7200000000 0.8069201979 1.0185448251
5.7300000000 0.7427527683 0.9733626067
5.7400000000 0.6689600139 0.9167537695
5.7500000000 0.6229723398 0.8873543720
5.7600000000 0.5690271356 0.8500228311
5.7700000000 0.5239625024 0.8222580907
5.7800000000 0.4405213540 0.7571455542
5.7900000000 0.3328212332 0.6697853290
5.8000000000 0.2695684540 0.6295272230
5.8100000000 0.2644834956 0.6498776514
5.8200000000 0.3132446023 0.7252698110
5.8300000000 0.4163852276 0.8544754794
5.8400000000 0.4817419647 0.9432427843
5.8500000000 0.4604631405 0.9421037221
5.8600000000 0.4215312314 0.9206067471
5.8700000000 0.4127323664 0.9272409858
5.8800000000 0.4631931414 0.9911264826
5.8900000000 0.5441472070 1.0827829399
5.9000000000 0.6458148260 1.1915366669
5.9100000000 0.6769261001 1.2254467364
5.9200000000 0.6715509991 1.2193558230
5.9300000000 0.6543371055 1.1988872530
5.9400000000 0.6352265789 1.1751954015
5.9500000000 0.6732514054 1.2080091969
5.9600000000 0.6581696030 1.1871478990
5.9700000000 0.6233608725 1.1469361997
5.9800000000 0.5984733993 1.1177400629
5.9900000000 0.5739614274 1.0905830919
6.0000000000 0.5520424465 1.0679230213
6.0100000000 0.4828436418 1.0002061832
6.0200000000 0.3729526500 0.8948643784
6.0300000000 0.2118020765 0.7425074836
6.0400000000 0.0322227841 0.5774523790
6.0500000000 -0.1277866891 0.4387393042
6.0600000000 -0.2562451242 0.3386029923
6.0700000000 -0.3072775236 0.3222104544
6.0800000000 -0.3134060469 0.3550753220
6.0900000000 -0.3365946706 0.3730817653
6.1000000000 -0.3706815305 0.3808064496
6.1100000000 -0.4251315335 0.3676315691
6.1200000000 -0.5104530117 0.3224952113
6.1300000000 -0.5659717796 0.3059341903
6.1400000000 -0.5066133527 0.4021659669
6.1500000000 -0.4114209012 0.5299263858
6.1600000000 -0.3165579491 0.6511983433
6.1700000000 -0.2208046765 0.7657791899
6.1800000000 -0.2099497078 0.7873496222
6.1900000000 -0.2267644059 0.7741787531
6.2000000000 -0.2081693654 0.7905185299
6.2100000000 -0.2556089585 0.7358368333
6.2200000000 -0.3581163586 0.6231473285
6.2300000000 -0.4509255102 0.5194176364
6.2400000000 -0.4854112867 0.4748420831
6.2500000000 -0.4427954731 0.5083471891
6.2600000000 -0.4579007371 0.4844695505
6.2700000000 -0.4790996148 0.4552153423
6.2800000000 -0.4317147516 0.4951448831
6.2900000000 -0.4037529149 0.5154447318
6.3000000000 -0.4216937588 0.4894176631
6.3100000000 -0.4361571311 0.4668182980
6.3200000000 -0.5107057165 0.3844052177
6.3300000000 -0.6781029136 0.2108471884
6.3400000000 -0.8428815802 0.0436966962
6.3500000000 -0.9889010369 -0.0995387500
6.3600000000 -1.1447616047 -0.2467410725
6.3700000000 -1.3675360193 -0.4543341134
6.3800000000 -1.6313645605 -0.6951730279
6.3900000000 -1.8417925057 -0.8738604146
6.4000000000 -1.9849944967 -0.9770594889
6.4100000000 -2.0118408908 -0.9574737200
6.4200000000 -2.0365027828 -0.9325977182
6.4300000000 -2.1267214860 -0.9724882173
6.4400000000 -2.1873207016 -0.9833497869
6.4500000000 -2.2566709549 -1.0050197548
6.4600000000 -2.3260726127 -1.0297242241
6.4700000000 -2.3570044486 -1.0198083898
6.4800000000 -2.3767552949 -1.0036216700
6.4900000000 -2.3266166416 -0.9234289625
6.5000000000 -2.1951102292 -0.7695675956
6.5100000000 -2.1076231765 -0.6693852446
6.5200000000 -2.1079259267 -0.6669718997
6.5300000000 -2.0978093213 -0.6629975105
6.5400000000 -2.0583811580 -0.6377102867
6.5500000000 -1.9779208269 -0.5787617278
6.5600000000 -1.8579713693 -0.4876655127
6.5700000000 -1.7406792240 -0.4066295535
6.5800000000 -1.6402450830 -0.3495841309
6.5900000000 -1.5806365620 -0.3396392046
6.6000000000 -1.5439282658 -0.3573796633
6.6100000000 -1.4696451693 -0.3407934452
6.6200000000 -1.3335494852 -0.2649938872
6.6300000000 -1.1855264806 -0.1799977897
6.6400000000 -1.1023216335 -0.1624590892
6.6500000000 -1.0110835507 -0.1384626680
6.6600000000 -0.9514448927 -0.1469719614
6.6700000000 -0.9250939995 -0.1882986188
6.6800000000 -0.8521851169 -0.1814905017
6.6900000000 -0.7833400803 -0.1767833384
6.7000000000 -0.8122655984 -0.2673264548
6.7100000000 -0.8939281982 -0.4061890375
6.7200000000 -0.9609443704 -0.5242657992
6.7300000000 -1.0549667493 -0.6620440080
6.7400000000 -1.1055566316 -0.7482087228
6.7500000000 -1.0939244246 -0.7643961316
6.7600000000 -1.1332417800 -0.8249592171
6.7700000000 -1.2428638113 -0.9494826919
6.7800000000 -1.3125029768 -1.0274328926
6.7900000000 -1.3501908793 -1.0675923889
6.8000000000 -1.4297098198 -1.1447150385
6.8100000000 -1.4906988258 -1.1989150908
6.8200000000 -1.5332264622 -1.2312321723
6.8300000000 -1.5286704323 -1.2141629334
6.8400000000 -1.4328706520 -1.1055433889
6.8500000000 -1.3509796551 -1.0131505306
6.8600000000 -1.4197741034 -1.0750924131
6.8700000000 -1.5150295587 -1.1659892367
6.8800000000 -1.4710365429 -1.1195356701
6.8900000000 -1.3816674417 -1.0308558285
6.9000000000 -1.2850238861 -0.9393604989
6.9100000000 -1.1591080864 -0.8241786268
6.9200000000 -1.0064732404 -0.6889533404
6.9300000000 -0.9016073014 -0.6090182791
6.9400000000 -0.7560087400 -0.4955942229
6.9500000000 -0.6119367866 -0.3912806919
6.9600000000 -0.5183955997 -0.3444870714
6.9700000000 -0.3923125973 -0.2711319985
6.9800000000 -0.3049011254 -0.2415776457
6.9900000000 -0.2510834940 -0.2492249535
7.0000000000 -0.1662488081 -0.2278148378
7.0100000000 -0.0787401898 -0.2047271236
7.0200000000 -0.0616571788 -0.2519569189
7.0300000000 -0.0956327004 -0.3481939309
7.0400000000 -0.1535877076 -0.4642306938
7.0500000000 -0.2539440764 -0.6164938701
7.0600000000 -0.3216640096 -0.7280875957
7.0700000000 -0.3515215429 -0.7932595735
7.0800000000 -0.3878278741 -0.8564962889
7.0900000000 -0.3942208283 -0.8819336720
7.1000000000 -0.4214103715 -0.9213036518
7.1100000000 -0.4397709599 -0.9456827713
7.1200000000 -0.3980466432 -0.9050440282
7.1300000000 -0.3538075165 -0.8588021150
7.1400000000 -0.3304690404 -0.8318800964
7.1500000000 -0.3156195718 -0.8128542033
7.1600000000 -0.2660291732 -0.7592985428
7.1700000000 -0.1869399953 -0.6776607448
7.1800000000 -0.1742538044 -0.6648644194
7.1900000000 -0.2207262723 -0.7132875451
7.2000000000 -0.2231230576 -0.7188154588
7.2100000000 -0.1961761873 -0.6961257902
7.2200000000 -0.1771674993 -0.6826329735
7.2300000000 -0.1546308894 -0.6668657171
7.2400000000 -0.1446947510 -0.6648954791
7.2500000000 -0.2388389151 -0.7676520305
7.2600000000 -0.3590444324 -0.8951207985
7.2700000000 -0.3795444718 -0.9202207069
7.2800000000 -0.3997041257 -0.9425510245
7.2900000000 -0.4356701696 -0.9783258802
7.3000000000 -0.4670076321 -1.0071982441
7.3100000000 -0.5082238793 -1.0437727367
7.3200000000 -0.5632120743 -1.0919872024
7.3300000000 -0.6320211492 -1.1517450234
7.3400000000 -0.6736036391 -1.1819095620
7.3500000000 -0.6621181634 -1.1571669483
7.3600000000 -0.6271369951 -1.1083123794
7.3700000000 -0.5446224776 -1.0126483983
7.3800000000 -0.4064362439 -0.8639339258
7.3900000000 -0.2684430389 -0.7200438017
7.4000000000 -0.1149792858 -0.5667587546
7.4100000000 0.0331569422 -0.4260322369
7.4200000000 0.1780211408 -0.2962769178
7.4300000000 0.2906091792 -0.2065427986
7.4400000000 0.3344233496 -0.1923285728
7.4500000000 0.3767221563 -0.1845120912
7.4600000000 0.4451404278 -0.1538834414
7.4700000000 0.4655882603 -0.1733082520
7.4800000000 0.4309710119 -0.2479305412
7.4900000000 0.4151321460 -0.3017973293
7.5000000000 0.4313384639 -0.3203599104
7.5100000000 0.5113510462 -0.2714751876
7.5200000000 0.6003403399 -0.2106814779
7.5300000000 0.6607414923 -0.1760510545
7.5400000000 0.6547755628 -0.2054230210
7.5500000000 0.6233928568 -0.2569001020
7.5600000000 0.6203733917 -0.2760537035
7.5700000000 0.6285676983 -0.2799000995
7.5800000000 0.6858049090 -0.2309855710
7.5900000000 0.7208840615 -0.2014971500
7.6000000000 0.7632771208 -0.1624311881
7.6100000000 0.8574074172 -0.0702437730
7.6200000000 0.9503373797 0.0208533424
7.6300000000 1.0150428545 0.0829199466
7.6400000000 1.0014277009 0.0657606514
7.6500000000 0.9269396919 -0.0120178629
7.6600000000 0.8988862635 -0.0416337293
7.6700000000 0.9090814673 -0.0309454211
7.6800000000 0.9122118138 -0.0253861850
7.6900000000 0.9365630725 0.0031604062
7.7000000000 0.9617855385 0.0338646806
7.7100000000 1.0159474021 0.0943511426
7.7200000000 1.1192691398 0.2038586399
7.7300000000 1.2627034744 0.3519281663
7.7400000000 1.4136226224 0.5043038762
7.7500000000 1.5675425497 0.6553394343
7.7600000000 1.7402209574 0.8198576817
7.7700000000 1.9396253962 1.0050502128
7.7800000000 2.0802509924 1.1247839819
7.7900000000 2.1364648109 1.1543799804
7.8000000000 2.1890816696 1.1765353317
7.8100000000 2.2339593387 1.1888502016
7.8200000000 2.2384062649 1.1603442062
7.8300000000 2.2059467796 1.0965981173
7.8400000000 2.1166298089 0.9798121467
7.8500000000 1.9526338158 0.7947573585
7.8600000000 1.8152741577 0.6454087527
7.8700000000 1.7668235504 0.5951296135
7.8800000000 1.7545877640 0.5905577596
7.8900000000 1.7106724777 0.5626286068
7.9000000000 1.5714180834 0.4471257994
7.9100000000 1.4399912201 0.3477223588
7.9200000000 1.4136849121 0.3611577233
7.9300000000 1.4450134451 0.4378333666
7.9400000000 1.4946630269 0.5357940601
7.9500000000 1.5108835651 0.6009579078
7.9600000000 1.4921167618 0.6304338756
7.9700000000 1.4685569964 0.6537596319
7.9800000000 1.4438234625 0.6741280750
7.9900000000 1.5030228382 0.7761692553
8.0000000000 1.6014642334 0.9135687684
8.0100000000 1.6130959636 0.9591089488
8.0200000000 1.5611030534 0.9364731241
8.0300000000 1.5058887321 0.9073678802
8.0400000000 1.4504731498 0.8759569577
8.0500000000 1.3869154547 0.8353685204
8.0600000000 1.3708589173 0.8420811622
8.0700000000 1.3983300239 0.8920106806
8.0800000000 1.4574743501 0.9726873852
8.0900000000 1.5144157951 1.0493242087
8.1000000000 1.4959245376 1.0483694335
8.1100000000 1.4184193330 0.9871809402
8.1200000000 1.3341152576 0.9194523022
8.1300000000 1.2230653604 0.8265188714
8.1400000000 1.0875872426 0.7121383672
8.1500000000 0.9290735069 0.5790137236
8.1600000000 0.7866027873 0.4674236783
8.1700000000 0.6841856383 0.4016681026
8.1800000000 0.5701881946 0.3297386230
8.1900000000 0.4820461803 0.2886461104
8.2000000000 0.4728388889 0.3303044148
8.2100000000 0.4501123525 0.3602016364
8.2200000000 0.3569220483 0.3202097972
8.2300000000 0.2092177580 0.2262184246
8.2400000000 0.1159583102 0.1876807663
8.2500000000 0.1090782058 0.2357109026
8.2600000000 0.1270895869 0.3071822380
8.2700000000 0.1659369477 0.3963465564
8.2800000000 0.2067988113 0.4829055803
8.2900000000 0.2630723188 0.5791577906
8.3000000000 0.3246351144 0.6740687498
8.3100000000 0.3594608440 0.7351607983
8.3200000000 0.4155080831 0.8105848100
8.3300000000 0.4865490919 0.8940901092
8.3400000000 0.4864961438 0.8999448019
8.3500000000 0.4475602239 0.8619174706
8.3600000000 0.4593182739 0.8712475336
8.3700000000 0.4867283234 0.8936084583
8.3800000000 0.5132950494 0.9131176326
8.3900000000 0.5375279071 0.9287603026
8.4000000000 0.5519445924 0.9336392320
8.4100000000 0.5794171446 0.9511412788
8.4200000000 0.5784919230 0.9401703324
8.4300000000 0.5861810601 0.9384214384
8.4400000000 0.6196288059 0.9632468580
8.4500000000 0.6174987914 0.9533126299
8.4600000000 0.5792511791 0.9086129086
8.4700000000 0.4427802572 0.7680776235
8.4800000000 0.2546808332 0.5805489015
8.4900000000 0.1316840841 0.4646033299
8.5000000000 0.1008290612 0.4474609565
8.5100000000 0.1422362582 0.5077476008
8.5200000000 0.1481924374 0.5356181188
8.5300000000 0.0849064720 0.4961997635
8.5400000000 -0.0087184471 0.4283096236
8.5500000000 -0.0940793259 0.3707375757
8.5600000000 -0.1054129230 0.3889518649
8.5700000000 -0.0641841688 0.4600377238
8.5800000000 -0.0507153125 0.5020164584
8.5900000000 -0.0870881259 0.4920334955
8.6000000000 -0.2069365317 0.3967218206
8.6100000000 -0.3653623169 0.2624583584
8.6200000000 -0.5150271380 0.1380550776
8.6300000000 -0.6030917768 0.0772674839
8.6400000000 -0.5909212973 0.1181850089
8.6500000000 -0.5786908149 0.1589474788
8.6600000000 -0.5765267481 0.1882257476
8.6700000000 -0.5516234282 0.2378483400
8.6800000000 -0.5441941754 0.2666941145
8.6900000000 -0.6006249410 0.2281827404
8.7000000000 -0.7141102942 0.1300649940
8.7100000000 -0.8041156789 0.0543014928
8.7200000000 -0.8721086635 0.0001391565
8.7300000000 -0.9388756274 -0.0528065938
8.7400000000 -0.9631994635 -0.0631976103
8.7500000000 -0.8888912802 0.0244232662
8.7600000000 -0.6989292915 0.2248957968
8.7700000000 -0.5014880139 0.4269784664
8.7800000000 -0.3355281581 0.5896278015
8.7900000000 -0.2175671847 0.6953684392
8.8000000000 -0.1698595359 0.7224080003
8.8100000000 -0.0958491079 0.7687296119
8.8200000000 -0.0380071537 0.7928503960
8.8300000000 0.0030124317 0.7956030684
8.8400000000 0.0059988337 0.7572379069
8.8500000000 -0.0289540176 0.6799502457
8.8600000000 -0.0680489913 0.5995189400
8.8700000000 -0.1804302835 0.4487346950
8.8800000000 -0.3447807860 0.2514110720
8.8900000000 -0.4686693623 0.1022604346
8.9000000000 -0.5751756384 -0.0209387548
8.9100000000 -0.6844528537 -0.1380123204
8.9200000000 -0.7507117028 -0.2034526392
8.9300000000 -0.8280165732 -0.2723666091
8.9400000000 -0.8596765371 -0.2890804088
8.9500000000 -0.8333384918 -0.2432370509
8.9600000000 -0.8089223205 -0.1970829418
8.9700000000 -0.7691987674 -0.1354052641
8.9800000000 -0.7249140893 -0.0707917716
8.9900000000 -0.7497233183 -0.0781783651
9.0000000000 -0.8379396909 -0.1516626718
9.0100000000 -0.9192803187 -0.2200612773
9.0200000000 -0.9999536810 -0.2889097111
9.0300000000 -1.0756967257 -0.3533624806
9.0400000000 -1.1215643222 -0.3881805684
9.0500000000 -1.1476043083 -0.4036128166
9.0600000000 -1.2385658903 -0.4846153976
9.0700000000 -1.4174757071 -0.6531974163
9.0800000000 -1.6087498258 -0.8319535767
9.0900000000 -1.7775626045 -0.9846678483
9.1000000000 -1.9140167766 -1.1008422054
9.1100000000 -2.0619423667 -1.2243943790
9.1200000000 -2.2736138800 -1.4074336903
9.1300000000 -2.4738028942 -1.5740156394
9.1400000000 -2.6143315334 -1.6760545239
9.1500000000 -2.7035395465 -1.7229879974
9.1600000000 -2.7295360267 -1.7048087447
9.1700000000 -2.7293458638 -1.6609969432
9.1800000000 -2.6891432252 -1.5800567900
9.1900000000 -2.5836780470 -1.4392822386
9.2000000000 -2.4735422448 -1.3019042660
9.2100000000 -2.3834623524 -1.1944000681
9.2200000000 -2.2855343216 -1.0897215028
9.2300000000 -2.2089173033 -1.0173916757
9.2400000000 -2.1157396164 -0.9391156742
9.2500000000 -1.9871098937 -0.8357242751
9.2600000000 -1.8402781995 -0.7242305253
9.2700000000 -1.6588220232 -0.5880243050
9.2800000000 -1.4892956886 -0.4735002804
9.2900000000 -1.3384344785 -0.3866240721
9.3000000000 -1.1811610937 -0.3011871060
9.3100000000 -1.0033222838 -0.2019480008
9.3200000000 -0.8491435661 -0.1322066063
9.3300000000 -0.7193194508 -0.0912002352
9.3400000000 -0.5136009229 0.0226798379
9.3500000000 -0.3535525059 0.0881723562
9.3600000000 -0.2833534310 0.0626211385
9.3700000000 -0.2002394670 0.0509238034
9.3800000000 -0.1436147537 0.0153116271
9.3900000000 -0.1353284494 -0.0642961929
9.4000000000 -0.1680989577 -0.1786537276
9.4100000000 -0.2657276969 -0.3495134077
9.4200000000 -0.3633102647 -0.5097674324
9.4300000000 -0.4023386201 -0.5998390837
9.4400000000 -0.4084086229 -0.6456480694
9.4500000000 -0.4538897537 -0.7205320627
9.4600000000 -0.5732211517 -0.8592685369
9.4700000000 -0.6896907330 -0.9849311455
9.4800000000 -0.8300719919 -1.1245734589
9.4900000000 -0.9870331600 -1.2709621441
9.5000000000 -1.0735881141 -1.3376959321
9.5100000000 -1.1293521944 -1.3661867473
9.5200000000 -1.1721605644 -1.3763009455
9.5300000000 -1.1379488529 -1.3062396466
9.5400000000 -1.0958295895 -1.2281000194
9.5500000000 -1.1636154500 -1.2617116845
9.5600000000 -1.2008463005 -1.2668384444
9.5700000000 -1.1496868626 -1.1866888646
9.5800000000 -1.1036103698 -1.1163410664
9.5900000000 -1.0545116737 -1.0487470233
9.6000000000 -1.0131038920 -0.9952967087
9.6100000000 -0.9395267252 -0.9163666948
9.6200000000 -0.8023619476 -0.7811634120
9.6300000000 -0.6104579287 -0.5996266314
9.6400000000 -0.4217159214 -0.4309152500
9.6500000000 -0.2916534829 -0.3308415369
9.6600000000 -0.1898564069 -0.2680658030
9.6700000000 -0.1232218171 -0.2479805660
9.6800000000 -0.1291235448 -0.3057762657
9.6900000000 -0.1632029727 -0.3941213305
9.7000000000 -0.1482948658 -0.4332488049
9.7100000000 -0.1042817090 -0.4416684206
9.7200000000 -0.0799555539 -0.4673368262
9.7300000000 -0.0717341649 -0.5057704551
9.7400000000 -0.0813437609 -0.5578577986
9.7500000000 -0.0720884024 -0.5861639118
9.7600000000 -0.0531520973 -0.5998068706
9.7700000000 -0.1053271789 -0.6795176324
9.7800000000 -0.1953692737 -0.7911409407
9.7900000000 -0.2554055946 -0.8660126014
9.8000000000 -0.2871051448 -0.9058710277
9.8100000000 -0.2718859897 -0.8928765541
9.8200000000 -0.2329286810 -0.8517257786
9.8300000000 -0.1867262642 -0.8004905825
9.8400000000 -0.0627005535 -0.6703126899
9.8500000000 0.0942641979 -0.5086197727
9.8600000000 0.2404213197 -0.3613418410
9.8700000000 0.3325412036 -0.2731168682
9.8800000000 0.3242178906 -0.2901929795
9.8900000000 0.2873981362 -0.3390335314
9.9000000000 0.2818796141 -0.3582528438
9.9100000000 0.2986187394 -0.3560146851
9.9200000000 0.3238583359 -0.3455826875
9.9300000000 0.3936005455 -0.2907683661
9.9400000000 0.4515994926 -0.2482343287
9.9500000000 0.4713329721 -0.2443840711
9.9600000000 0.4765835787 -0.2549105238
9.9700000000 0.4659781958 -0.2804776746
9.9800000000 0.4469462366 -0.3129328217
9.9900000000 0.5112298313 -0.2600746101
10.0000000000 0.6262875246 -0.1555167166
