w a1 a2 1.0000000000 39.3165609311 10.8005810922
1.1699891066 39.3280848041 13.7899169960
1.3688745095 39.3438168621 16.6322878540
1.6015682644 39.3652720836 19.3277370320
1.8738174229 39.3944916439 21.8139076414
2.1923459725 39.4342084389 23.9613048143
2.5650209057 39.4880486063 25.6139292636
3.0010465178 39.5607602817 26.6987018392
3.5111917342 39.6584381389 27.3063913330
4.1080560802 39.7886640309 27.6316921702
4.2528947474 39.8226620302 27.6791944239
4.8852953367 39.9809615045 27.8828712095
5.5152530312 40.1525351345 28.0760725014
6.1326850394 40.3311970245 28.2926068562
6.7293139426 40.5106912282 28.5145648900
7.2987253311 40.6853659173 28.7530006555
7.8362868539 40.8506441481 28.9819147064
8.3389764113 41.0032552638 29.2160219213
8.8051602186 41.1412473882 29.4276297103
9.0867022259 41.2222277314 29.5576050800
9.2974056588 41.2814109073 29.6621882379
9.8938244504 41.4410328101 29.9515724355
10.6225187220 41.6168548894 30.2963964074
11.5213597013 41.7986607293 30.7379508684
12.6422351675 41.9643145656 31.2697333014
14.0575320910 42.0763401736 31.9305047552
15.8702475760 42.0910451298 32.7459386704
17.5429156430 42.0309580729 33.4575711528
18.2301352564 41.9991884823 33.7420766944
19.7448821282 41.9350687132 34.3380907114
23.1012970008 41.9028990279 35.5788469295
27.0282658391 42.1160424739 36.8845112915
31.6227766017 42.6292903216 38.2474936423
36.9983041441 43.4188379525 39.6624658612
42.5703242755 44.3107268200 40.9704134582
43.2876128108 44.4263188637 41.1276255641
50.6460354389 45.5832901025 42.6288505548
59.2553097555 46.8082012239 44.1555675480
69.3280669214 47.9812547959 45.6571902335
81.1130830790 48.9122896464 47.0187260310
94.9014236042 49.3545240802 48.0192330805
111.0336318168 49.1346496062 48.3954266828
129.9081396906 48.3007848624 48.0229123363
151.9911082953 47.0664775803 47.0092069781
177.8279410039 45.6394826815 45.6408630031
208.0567538217 44.1464849686 44.1334332794
243.4241355237 42.6471501818 42.5964217468
284.8035868436 41.1642349082 41.0741844175
333.2170941245 39.7035511800 39.5800689865
389.8603702549 38.2640818973 38.1146642166
456.1323862890 36.8425543703 36.6740776479
533.6699231206 35.4353524462 35.2534035562
624.3879965654 34.0392320768 33.8480542001
730.5271542664 32.6515226017 32.4541864030
854.7088125593 31.2701206577 31.0687614812
1000.0000000000 29.8934115574 29.6894647518
