w a1 a2 1.0000000000 -11.8089911047 -7.8549364240
1.1699891066 -9.0429232475 -4.7394118459
1.3688745095 -6.2624431663 -1.7442601487
1.6015682644 -3.4621455867 1.1694669823
1.8738174229 -0.6345536075 4.0182541477
2.1923459725 2.2307129891 6.7903390176
2.5650209057 5.1481332748 9.4371723632
3.0010465178 8.1380218184 11.8683774588
3.5111917342 11.2290638676 13.9709203207
4.1080560802 14.4619504166 15.6679947854
4.2528947474 15.1999196475 15.9565721100
4.8852953367 18.2644095853 17.0836241636
5.5152530312 21.1256345716 17.8789564617
6.1326850394 23.7988250063 18.4853183787
6.7293139426 26.2771963031 18.9965959465
7.2987253311 28.5275768653 19.4147984436
7.8362868539 30.4911114819 19.7850073571
8.3389764113 32.0982758381 20.0994660549
8.8051602186 33.3018534680 20.3812521030
9.2974056588 34.2028437586 20.6609526629
9.8938244504 34.7811100943 20.9815582389
10.6225187220 34.9090879538 21.3559698808
11.5213597013 34.6348715977 21.7799065714
12.6422351675 34.1544411819 22.2749976074
14.0575320910 33.6800980338 22.8437035971
15.8702475760 33.3674422139 23.4986254919
18.2301352564 33.3176515210 24.2612432404
19.7448821282 33.4193671316 24.7108007655
23.1012970008 33.8474452446 25.6184767553
27.0282658391 34.5163447314 26.5928116998
31.6227766017 35.3641103648 27.6829094433
36.9983041441 36.3373539097 28.9611658284
43.2876128108 37.3830157936 30.5512334635
50.6460354389 38.4369989717 32.5450005493
59.2553097555 39.4100011070 35.2090255052
69.3280669214 40.1771759678 38.4870718293
81.1130830790 40.5915523140 40.5615089920
94.9014236042 40.5407063931 38.5174400471
111.0336318168 40.0149128840 35.3547416927
129.9081396906 39.1096162086 32.7742895701
151.9911082953 37.9580729860 30.8434991681
177.8279410039 36.6705549908 29.3386630153
208.0567538217 35.3172324033 28.1028160350
243.4241355237 33.9364683508 27.0262163712
284.8035868436 32.5472060910 26.0310163104
333.2170941245 31.1579374633 25.0616882574
389.8603702549 29.7719396971 24.0804181120
456.1323862890 28.3900525489 23.0638652558
533.6699231206 27.0120727043 22.0002072602
624.3879965654 25.6374233844 20.8861444781
730.5271542664 24.2654583922 19.7240113111
854.7088125593 22.8955873101 18.5192910549
1000.0000000000 21.5273163534 17.2787427295
