w a1 a2 1.0000000000 36.8339557130 -8.6364632061
1.1699891066 36.8449236580 -5.2341517305
1.3688745095 36.8598968071 -2.0659902719
1.6015682644 36.8803171843 0.9434181116
1.8738174229 36.9081279252 3.8431396407
2.1923459725 36.9459313638 6.6521970676
2.5650209057 36.9971822755 9.3566399547
3.0010465178 37.0664092670 11.9036794873
3.5111917342 37.1594373854 14.2011669008
4.1080560802 37.2835418125 16.1433183887
4.2528947474 37.3159594641 16.4832726841
4.2646988362 37.3186390377 16.5104007584
4.8852953367 37.4670127100 17.7907096407
4.8985718797 37.4703385731 17.8105091536
5.5152530312 37.6309431306 18.6837257751
5.5299253825 37.6348985012 18.7034690785
6.1326850394 37.8017861956 19.3211552525
6.1486564818 37.8063099750 19.3361707611
6.7293139426 37.9732303271 19.8408279376
6.7464750250 37.9782173614 19.8532409112
7.2987253311 38.1391382272 20.2435094875
7.3169602900 38.1444435776 20.2561015650
7.8362868539 38.2941352807 20.5990533201
7.8554788747 38.2995929196 20.6106380980
8.3389764113 38.4344924087 20.8975048914
8.3590116747 38.4399616743 20.9091901136
8.8051602186 38.5590513671 21.1654072227
8.8259308058 38.5644723458 21.1771533324
9.2974056588 38.6850128546 21.4369289929
9.3189311871 38.6904176723 21.4485304747
9.8938244504 38.8326172497 21.7527789717
9.9162706477 38.8381002807 21.7644446048
10.5779561249 38.9973697345 22.1018738785
10.6225187220 39.0078917209 22.1245405005
10.6460950314 39.0134452492 22.1365086320
11.5213597013 39.2110218890 22.5695406244
11.5463340929 39.2163574466 22.5815852561
12.6422351675 39.4290028559 23.0988259178
12.6689553756 39.4336194041 23.1113342432
14.0575320910 39.6339558185 23.7377491113
14.0864567241 39.6373119909 23.7503290707
15.8702475760 39.7867975248 24.5128765046
15.9019927648 39.7885437101 24.5259415790
18.2301352564 39.8578537489 25.4531970943
18.2655464267 39.8582715333 25.4667709505
19.0272393309 39.8649409619 25.7537234477
19.7448821282 39.8688639980 26.0156738966
23.1012970008 39.9091550385 27.1956114788
27.0282658391 40.0901759238 28.4738909745
31.6227766017 40.5020319800 29.8837279458
36.9983041441 41.1671379800 31.4826877471
43.1489803768 42.0396199824 33.3479869717
43.2876128108 42.0598271110 33.3887866111
50.6460354389 43.1282784561 35.6965119274
59.2553097555 44.2985243488 38.7770422184
69.3280669214 45.4555814268 42.9112507254
81.1130830790 46.4109569358 46.3583905147
94.9014236042 46.9061025416 43.1629235483
111.0336318168 46.7365339379 38.8834754529
129.9081396906 45.9241296464 35.6695439152
151.9911082953 44.6838043990 33.2795636559
177.8279410039 43.2379373769 31.3875980968
208.0567538217 41.7239905623 29.8257350063
243.4241355237 40.2062172989 28.4916518103
284.8035868436 38.7085111342 27.3144886796
333.2170941245 37.2364642697 26.2387109128
389.8603702549 35.7884534703 25.2185583897
456.1323862890 34.3605796744 24.2166812920
533.6699231206 32.9486931027 23.2044228556
624.3879965654 31.5491277230 22.1621404415
730.5271542664 30.1588906358 21.0787360944
854.7088125593 28.7756368251 19.9502678957
1000.0000000000 27.3975721933 18.7779917769
