x y z label
2.0187855788 0.0024584426 0.0005641693    2
1.7159060511 0.0022927088 0.0005385656    2
0.3630546298 0.0020112081 0.0004924342    1
1.7961553777 0.0016741665 0.0004856545    2
1.9275640766 0.0017883971 0.0005440249    2
1.6490752573 0.0015933493 0.0004799272    2
0.4487120618 0.0015385894 0.0005506745    1
1.7085000459 0.0020097733 0.0007401055    2
1.7940679630 0.0022153725 0.0006478072    2
1.6163786542 0.0021263130 0.0004528016    2
0.4360432358 0.0021789416 0.0004976830    1
1.7360066251 0.0025535664 0.0005590111    2
1.8067739537 0.0023634784 0.0005584195    2
1.7272350130 0.0022444706 0.0006553575    2
0.2782065863 0.0020977498 0.0006003426    1
1.7269250772 0.0020498769 0.0005260660    2
1.9545213351 0.0019956558 0.0006158506    2
1.6458399263 0.0020227067 0.0006948921    2
0.3720933801 0.0019419792 0.0006413718    1
1.6091470186 0.0020737857 0.0005364914    2
1.7218328601 0.0024169291 0.0005675277    2
1.6519197112 0.0023206663 0.0005609603    2
0.4000474589 0.0017243965 0.0004438215    1
1.7109032323 0.0016970458 0.0004151932    2
1.8480243406 0.0018439277 0.0004783732    2
1.5776002498 0.0022578878 0.0006314202    2
0.4398345952 0.0023455216 0.0007146406    1
1.7595453670 0.0021144470 0.0006180893    2
1.8525151938 0.0023248299 0.0005588142    2
1.6731026978 0.0023715169 0.0006005025    2
0.4514332452 0.0023096888 0.0006266701    1
1.7355593005 0.0025424197 0.0005962657    2
1.7761349413 0.0026169122 0.0004836648    2
1.6588198565 0.0022100727 0.0005391002    2
0.3240080608 0.0024523036 0.0004960257    1
1.6123832246 0.0025489140 0.0004586915    2
1.8423962667 0.0019125238 0.0004655431    2
1.7322539628 0.0021274677 0.0004129845    2
0.3274431179 0.0023539925 0.0004312485    1
1.7013592444 0.0021447747 0.0005268967    2
1.9365135905 0.0021483351 0.0006132930    2
1.7205840610 0.0018818382 0.0004926515    2
0.2816797384 0.0016360397 0.0003912241    1
1.7636033375 0.0025583916 0.0004882308    2
1.9166858398 0.0029100575 0.0006694478    2
1.6267065291 0.0025022603 0.0007101703    2
0.4178689402 0.0017759992 0.0005782372    1
1.8311196652 0.0014019637 0.0006400236    2
1.9267014576 0.0016654062 0.0006687812    2
1.7526454521 0.0018752252 0.0006087983    2
0.4600031775 0.0016086629 0.0005440673    1
1.6016920940 0.0016027051 0.0005412327    2
1.6861739272 0.0018826802 0.0005185546    2
1.4790295571 0.0020286474 0.0004998167    2
0.2923491017 0.0020352329 0.0005421281    1
1.6310922456 0.0020405086 0.0006766281    2
1.8217831986 0.0017800519 0.0007374419    2
1.6025766304 0.0015816243 0.0006116018    2
0.4048096918 0.0017957967 0.0005786895    1
1.7656752322 0.0018597800 0.0006775206    2
1.9468354372 0.0018263816 0.0005517638    2
1.6556665882 0.0020138399 0.0005817845    2
0.3267499400 0.0023704911 0.0006126812    1
1.6831047567 0.0022609221 0.0006094361    2
1.8743903923 0.0028947740 0.0004635057    2
1.6807483304 0.0033071256 0.0005234328    2
0.3877064571 0.0021209078 0.0005204275    1
1.6655942701 0.0016828738 0.0004949849    2
1.7981772030 0.0023330867 0.0004378511    2
1.6803920461 0.0021148467 0.0004247383    2
0.3597487369 0.0017870359 0.0004191286    1
1.7640146146 0.0022203152 0.0005324846    2
1.8396795093 0.0023034053 0.0005861430    2
1.6065150967 0.0020139001 0.0005534483    2
0.3310701937 0.0021800890 0.0004984434    1
1.8354069789 0.0025071279 0.0005430012    2
1.9034471156 0.0021825460 0.0005816840    2
1.6671808169 0.0018244879 0.0005455806    2
0.3524817993 0.0013403976 0.0004819139    1
0.2890641254 0.0024993990 0.0006394616    3
0.3063187535 0.0024293439 0.0005767806    3
0.2247912948 0.0020111882 0.0004925211    1
0.2765629846 0.0016228588 0.0004764984    3
0.2873384208 0.0015645362 0.0005067786    3
0.2630631652 0.0015306633 0.0004628079    3
0.2284923139 0.0015381425 0.0005507030    1
0.2633573617 0.0021343100 0.0007869170    3
0.3755455800 0.0024477808 0.0006997378    3
0.3473823004 0.0022545034 0.0004723125    3
0.2608500144 0.0021781647 0.0004975271    1
0.2988019803 0.0025568866 0.0005894944    3
0.3096837748 0.0026599433 0.0005838972    3
0.2619960162 0.0023785426 0.0006355641    3
0.2183954589 0.0020985641 0.0006004123    1
0.3032330976 0.0023372279 0.0005166709    3
0.3042001764 0.0025515928 0.0005952034    3
0.2770865571 0.0022642984 0.0006852617    3
0.2517146798 0.0019427953 0.0006415323    1
0.3544392989 0.0022460483 0.0005699146    3
0.4381157772 0.0027091979 0.0006330979    3
0.3353627747 0.0024046802 0.0006040392    3
0.1833314770 0.0017240743 0.0004437268    1
0.2708716369 0.0017572560 0.0004631891    3
0.2901904909 0.0018668703 0.0004900094    3
0.2981915028 0.0022375752 0.0006198136    3
0.3027304145 0.0023461040 0.0007146820    1
0.2531730431 0.0021006039 0.0006437587    3
0.2378170116 0.0022017982 0.0005949975    3
0.2057928000 0.0023118878 0.0006118080    3
0.2048045048 0.0023106823 0.0006267824    1
0.2546180507 0.0026746242 0.0006639054    3
0.2780474751 0.0027297664 0.0005344527    3
0.2638587934 0.0022360064 0.0005874342    3
0.2167802854 0.0024517115 0.0004960790    1
0.3810086055 0.0026465193 0.0004722320    3
0.3810086055 0.0021413310 0.0005057856    3
0.2674608390 0.0021614941 0.0004267923    3
0.2125740832 0.0023532461 0.0004311223    1
0.1820551043 0.0020865402 0.0005749920    3
0.2713531304 0.0023764334 0.0006248317    3
0.2713531304 0.0021051676 0.0005122220    3
0.2173639116 0.0016357720 0.0003913404    1
0.2989158173 0.0027033252 0.0004934790    3
0.3601253402 0.0030357987 0.0006840343    3
0.2916937309 0.0024954659 0.0007166307    3
0.2170694172 0.0017769723 0.0005781905    1
0.2198016203 0.0015563706 0.0006794945    3
0.2305914711 0.0017322209 0.0007304503    3
0.2987248798 0.0018562146 0.0006345865    3
0.3083441615 0.0016090997 0.0005442090    1
0.2821510674 0.0016993910 0.0006058497    3
0.3798188713 0.0021059115 0.0005785937    3
0.3311044285 0.0021109900 0.0004979275    3
0.2602210032 0.0020360928 0.0005421294    1
0.2311997065 0.0020507972 0.0007246828    3
0.2365836558 0.0020072861 0.0008378276    3
0.2684581095 0.0018074276 0.0006578038    3
0.2417265948 0.0017959261 0.0005786737    1
0.2869769211 0.0020585577 0.0007126724    3
0.3125518249 0.0021987020 0.0006309592    3
0.2400843922 0.0022220719 0.0006255515    3
0.1930305068 0.0023711823 0.0006126312    1
0.2970536557 0.0025083108 0.0006605028    3
0.2970536557 0.0033705732 0.0005569588    3
0.2155133572 0.0035166164 0.0005622136    3
0.1987804083 0.0021209873 0.0005202915    1
0.3301042235 0.0019876365 0.0005032916    3
0.3301042235 0.0028949837 0.0004806943    3
0.2833357716 0.0023883443 0.0004257758    3
0.2102569468 0.0017876663 0.0004190939    1
0.3498972571 0.0023978051 0.0005687536    3
0.3739249732 0.0025779544 0.0006476653    3
0.2897127297 0.0021278565 0.0005702408    3
0.2293779096 0.0021792739 0.0004983286    1
0.3147836643 0.0027539986 0.0005554120    3
0.3147836643 0.0024753596 0.0006326008    3
0.2994256008 0.0019447370 0.0005701942    3
0.2613763017 0.0013403504 0.0004817964    1
0.2252858366 0.0341970290 0.0019724837    4
0.2316635290 0.0388589099 0.0022261016    4
0.2273893678 0.0313787712 0.0014694506    4
0.2941425904 0.0327918196 0.0016266460    4
0.3209429386 0.0360407775 0.0019849817    4
0.2866197515 0.0379639126 0.0020765197    4
0.2714192003 0.0294955669 0.0014782397    4
0.1987821164 0.0304391913 0.0015395791    4
0.2321347920 0.0339985193 0.0018453697    4
0.2679542142 0.0348490783 0.0020299931    4
0.2711023750 0.0290822344 0.0014640482    4
0.2380841736 0.0329477823 0.0016572031    4
0.2216881495 0.0358853158 0.0019561953    4
0.2476444455 0.0375521119 0.0021592671    4
0.2127711660 0.0295498116 0.0013185410    4
0.1922291134 0.0331858824 0.0015583309    4
0.2462493886 0.0364609102 0.0021710475    4
0.3089357526 0.0373475691 0.0022277116    4
0.2610165473 0.0298575446 0.0014022750    4
0.2682878190 0.0331525601 0.0015524990    4
0.2790984532 0.0365951525 0.0019241938    4
0.2387014288 0.0351859218 0.0020046655    4
0.1965929498 0.0274630104 0.0013367220    4
0.1542421714 0.0314739246 0.0014635147    4
0.2620232400 0.0350522735 0.0016700894    4
0.2952988255 0.0363818025 0.0019273601    4
0.2980305720 0.0289305851 0.0014096784    4
0.2371089593 0.0320707336 0.0017212356    4
0.2183573099 0.0358964258 0.0021274050    4
0.2294132709 0.0384869223 0.0021831469    4
0.2312366009 0.0312071741 0.0015433984    4
0.1965405543 0.0315847535 0.0016313224    4
0.1961408546 0.0344967911 0.0018552728    4
0.2186335144 0.0339734455 0.0019407037    4
0.2186335144 0.0272039043 0.0013407689    4
0.1893129602 0.0325541577 0.0015038567    4
0.2173974140 0.0365015009 0.0020132479    4
0.2173974140 0.0365709934 0.0021278230    4
0.2041793412 0.0297772991 0.0014293043    4
0.1729123659 0.0321633961 0.0015959228    4
0.3248726304 0.0350523364 0.0017932584    4
0.3433926645 0.0356177370 0.0018034996    4
0.2520989383 0.0278740855 0.0012077865    4
0.3057047084 0.0309145293 0.0013476394    4
0.3189760888 0.0354468972 0.0017507831    4
0.2504356795 0.0371334284 0.0019154072    4
0.2115533728 0.0291413258 0.0013143532    4
0.2642933315 0.0322730413 0.0016046289    4
0.3094995249 0.0355536844 0.0018973774    4
0.3096173874 0.0352560774 0.0018297276    4
0.3271091549 0.0274616029 0.0013060700    4
0.2268675039 0.0309926179 0.0015718022    4
0.2314340548 0.0352610985 0.0021309412    4
0.2378555186 0.0374013532 0.0021464073    4
0.2342749607 0.0291783635 0.0014187367    4
0.2337768222 0.0311451163 0.0016739238    4
0.2472429521 0.0353515256 0.0022230784    4
0.2311046833 0.0364099048 0.0021420172    4
0.2277832934 0.0295048006 0.0014839126    4
0.1857034012 0.0323019295 0.0018404873    4
0.1934661744 0.0351217303 0.0019628333    4
0.2054931666 0.0369713466 0.0020047411    4
0.2058572143 0.0291840401 0.0013412310    4
0.1549215988 0.0299106180 0.0016037992    4
0.1806935010 0.0335991179 0.0019621285    4
0.2291639640 0.0365952637 0.0020269450    4
0.2028577934 0.0292710523 0.0013219304    4
0.1619103766 0.0307561990 0.0015417951    4
0.1763543028 0.0345260488 0.0020399669    4
0.2033428257 0.0364305806 0.0020797094    4
0.2391090263 0.0297085781 0.0013371505    4
0.1974995500 0.0325335664 0.0015240398    4
0.2109377460 0.0350540003 0.0019405440    4
0.2092183480 0.0351917233 0.0019912492    4
0.2271844845 0.0284376263 0.0012939255    4
0.3155147548 0.0313605771 0.0015029809    4
0.3155147548 0.0348973496 0.0019378062    4
0.2737075821 0.0369613601 0.0019602951    4
0.2440315100 0.0284853295 0.0012324048    4
0.4396593563 0.0023331524 0.0005722772    5
0.3645288529 0.0021794496 0.0005381946    5
0.2199733154 0.0020103131 0.0004924448    1
0.3730566492 0.0016738862 0.0004872607    5
0.3889713416 0.0018403411 0.0005489258    5
0.3340198484 0.0016342088 0.0004817919    5
0.2365884974 0.0015385105 0.0005506182    1
0.3186259601 0.0018309659 0.0007391596    5
0.3699066676 0.0019493926 0.0006483303    5
0.3205725048 0.0019966811 0.0004527267    5
0.2783631152 0.0021783163 0.0004974068    1
0.3259205491 0.0025191597 0.0005558155    5
0.3713323747 0.0023923044 0.0005577746    5
0.3713323747 0.0022658652 0.0006582496    5
0.2072836431 0.0020981739 0.0006003688    1
0.3374632851 0.0019341046 0.0005240308    5
0.4215122834 0.0018999652 0.0006200001    5
0.4215122834 0.0020023053 0.0007004243    5
0.2587046126 0.0019431983 0.0006416389    1
0.2994324455 0.0019516020 0.0005401279    5
0.4546196646 0.0021146931 0.0005728552    5
0.4546196646 0.0021919837 0.0005646543    5
0.1605221717 0.0017232530 0.0004436451    1
0.3595961497 0.0017744631 0.0004164386    5
0.4493989231 0.0019964936 0.0004853854    5
0.4433321741 0.0023163788 0.0006353097    5
0.3079513677 0.0023468159 0.0007148472    1
0.3915400814 0.0021384425 0.0006103255    5
0.3981413221 0.0022577542 0.0005483744    5
0.3249073910 0.0023106221 0.0005945713    5
0.2285161672 0.0023110888 0.0006269086    1
0.3974818629 0.0025139614 0.0005986107    5
0.4212664528 0.0025490821 0.0004847572    5
0.4196616002 0.0021634968 0.0005367565    5
0.2054894510 0.0024519045 0.0004960774    1
0.4037046928 0.0025685738 0.0004541265    5
0.4290572505 0.0018544533 0.0004555619    5
0.3439115421 0.0020860374 0.0004118203    5
0.2047108866 0.0023531739 0.0004309510    1
0.4005763942 0.0021139342 0.0005225231    5
0.4660402470 0.0020539851 0.0006057329    5
0.3947742887 0.0017757253 0.0004870031    5
0.2022646645 0.0016363850 0.0003915245    1
0.4062813288 0.0024442146 0.0004911071    5
0.4110495206 0.0028641018 0.0006736756    5
0.3923404949 0.0025243537 0.0007134807    5
0.2162877316 0.0017768478 0.0005780756    1
0.3235237992 0.0013058716 0.0006322819    5
0.4162665333 0.0016164972 0.0006625914    5
0.3765147746 0.0018717735 0.0006071325    5
0.3193518023 0.0016087389 0.0005443570    1
0.4746694393 0.0015548554 0.0005407542    5
0.4767504630 0.0018402569 0.0005119415    5
0.4739278868 0.0020134628 0.0004964164    5
0.2214266130 0.0020360020 0.0005422423    1
0.4155965599 0.0020042635 0.0006751460    5
0.4813584564 0.0016624484 0.0007314528    5
0.4283303941 0.0014788573 0.0006075752    5
0.2377528011 0.0017964973 0.0005787130    1
0.2879876461 0.0018064672 0.0006702515    5
0.3783249878 0.0017557176 0.0005467107    5
0.3783249878 0.0019710524 0.0005829813    5
0.2105818183 0.0023713018 0.0006127159    1
0.2927051297 0.0021958971 0.0006071424    5
0.3536381400 0.0027691310 0.0004619205    5
0.3536381400 0.0032150674 0.0005226251    5
0.2020726221 0.0021203425 0.0005202299    1
0.3594997791 0.0015571135 0.0004930621    5
0.3665623070 0.0021174634 0.0004378297    5
0.3464300210 0.0020507682 0.0004241851    5
0.2231644773 0.0017878976 0.0004192052    1
0.2466302805 0.0020496324 0.0005228145    5
0.3647922232 0.0019845578 0.0005740563    5
0.3435967773 0.0018672380 0.0005513032    5
0.2344702147 0.0021789376 0.0004982718    1
0.3711890682 0.0023674663 0.0005403275    5
0.3833011938 0.0019658652 0.0005815079    5
0.3781662302 0.0017555057 0.0005484081    5
0.2433369247 0.0013409954 0.0004816365    1
0.9238673752 0.0085328232 0.0020577412    6
1.0046474482 0.0101562254 0.0020021268    6
1.0046474482 0.0063850277 0.0012680568    6
0.7054348240 0.0052137403 0.0013551983    6
1.0358464432 0.0087162638 0.0020054022    6
1.0753698366 0.0095120927 0.0019756547    6
1.0753698366 0.0060861748 0.0013880705    6
0.7380647428 0.0049817520 0.0013988230    6
1.0941961890 0.0079938866 0.0019642383    6
1.0941961890 0.0092705731 0.0019071587    6
1.0884179940 0.0061864985 0.0012873763    6
0.7997101336 0.0046983854 0.0015099276    6
1.0406654438 0.0078201652 0.0022005703    6
1.0447075482 0.0095507627 0.0021897504    6
1.0388093012 0.0064416796 0.0014011523    6
0.7462786784 0.0049148633 0.0014614017    6
1.0882873118 0.0075684884 0.0020979408    6
1.0951518295 0.0092170594 0.0019788362    6
1.0276983102 0.0064783559 0.0012973950    6
0.6579592131 0.0054616790 0.0014563179    6
1.0971523167 0.0078108051 0.0021688681    6
1.0971523167 0.0089167131 0.0020505565    6
1.0424554178 0.0057837495 0.0012051388    6
0.7577574408 0.0049293249 0.0012889168    6
1.0735744415 0.0079089579 0.0019300517    6
1.1419443615 0.0091759756 0.0021121835    6
1.1419443615 0.0061390593 0.0015181595    6
0.7324100902 0.0049596567 0.0015852449    6
0.9843826354 0.0086506757 0.0021988999    6
0.9861338461 0.0100637824 0.0020692263    6
0.9786901345 0.0067947161 0.0013830791    6
0.7437732487 0.0049085654 0.0013475881    6
1.0521207500 0.0078124505 0.0019978043    6
1.0566176314 0.0089053812 0.0020911675    6
1.0466081845 0.0065125000 0.0012554683    6
0.6899511739 0.0055781560 0.0013724352    6
1.0204435130 0.0083843396 0.0019759302    6
1.0260752120 0.0093484486 0.0018854138    6
1.0008976752 0.0061184583 0.0012290650    6
0.6848232630 0.0053725074 0.0013009721    6
1.1988805454 0.0078867160 0.0020319740    6
1.1991091341 0.0089215859 0.0019919052    6
1.0929962274 0.0059817328 0.0012205841    6
0.8862208091 0.0053053745 0.0012904994    6
0.9324263097 0.0086225316 0.0020737173    6
0.9059574953 0.0100015085 0.0021499257    6
0.9059574953 0.0064419023 0.0014022800    6
0.7383908907 0.0049224104 0.0014385351    6
1.0065529390 0.0083193958 0.0019827272    6
1.0065529390 0.0094792308 0.0019367084    6
0.9175010325 0.0059320643 0.0013031836    6
0.7143567600 0.0050835885 0.0014536924    6
1.2217795885 0.0084086305 0.0021301662    6
1.2233272373 0.0092226455 0.0018704132    6
1.1381706925 0.0059470782 0.0011014879    6
0.8008891679 0.0053240519 0.0014950992    6
1.0970665082 0.0085437646 0.0022527542    6
1.1051347216 0.0089846929 0.0021667465    6
1.0686442884 0.0060159745 0.0013138369    6
0.7942880291 0.0045813798 0.0016345893    6
1.1369913722 0.0074034596 0.0022609672    6
1.1369913722 0.0089675627 0.0021309635    6
1.0667302364 0.0063325473 0.0012977772    6
0.7863282024 0.0056008669 0.0015709751    6
1.1036562728 0.0093715962 0.0021485689    6
1.1059366079 0.0102439555 0.0020939715    6
1.1021584444 0.0060235729 0.0013422914    6
0.7477511480 0.0045749540 0.0014710614    6
1.0889635105 0.0074731925 0.0020929501    6
1.0997209764 0.0086072346 0.0020204248    6
1.0424417187 0.0058913625 0.0012525539    6
0.7670689690 0.0053874581 0.0012263241    6
1.1663380422 0.0083037350 0.0019389410    6
1.1714825000 0.0090041323 0.0021113648    6
1.0698280344 0.0062888692 0.0013329062    6
0.8689429549 0.0053327221 0.0014251013    6
1.1541003386 0.0077162023 0.0020387632    6
1.1691766008 0.0087902353 0.0020740309    6
1.0847572548 0.0057290218 0.0013304032    6
2.9324866277 0.0015288762 0.0004004136    2
2.5246590135 0.0014027334 0.0003842223    2
0.4580312553 0.0011402343 0.0003532955    1
2.5758839334 0.0011434367 0.0003569194    2
2.9156687699 0.0012751480 0.0003907613    2
2.5362093170 0.0010405284 0.0003517986    2
0.5818889887 0.0009632142 0.0003946873    1
2.4948943947 0.0012313665 0.0005271413    2
3.0097978880 0.0013489901 0.0004525915    2
2.4862576673 0.0012378654 0.0003178717    2
0.6142694802 0.0012529610 0.0003674301    1
2.4850208597 0.0014853005 0.0003739040    2
2.9219283825 0.0015276638 0.0004039462    2
2.5105426893 0.0013809043 0.0004552439    2
0.4465561112 0.0012570059 0.0004300841    1
2.4841807412 0.0012735237 0.0003760162    2
2.9256175489 0.0012996083 0.0004398085    2
2.4721059557 0.0012671891 0.0004845737    2
0.6235812768 0.0011650758 0.0004533844    1
2.4418576238 0.0013813435 0.0003794004    2
2.8234493037 0.0016665726 0.0004130616    2
2.5012352355 0.0014225117 0.0003902469    2
0.4285000227 0.0010181279 0.0003180277    1
2.5021405554 0.0011905894 0.0003057202    2
2.9824988303 0.0013430668 0.0003376476    2
2.4930079632 0.0014265982 0.0004391099    2
0.5360318189 0.0013420513 0.0005002537    1
2.5093105796 0.0012666532 0.0004422751    2
2.9300239332 0.0014690465 0.0004027831    2
2.5714968872 0.0013721360 0.0004268485    2
0.4681387946 0.0012365285 0.0004305149    1
2.4882822316 0.0014649855 0.0004109759    2
2.8429018027 0.0016111813 0.0003420138    2
2.5129822243 0.0013165524 0.0003714936    2
0.4162843062 0.0014596483 0.0003613436    1
2.3975898708 0.0015717779 0.0003269242    2
2.8789147129 0.0013845181 0.0003312754    2
2.5653684421 0.0013828549 0.0002925212    2
0.5023877414 0.0014218796 0.0003153804    1
2.5171487442 0.0013689215 0.0003770879    2
3.0021179954 0.0013868946 0.0004355447    2
2.5841476198 0.0010627868 0.0003320056    2
0.4762537545 0.0009066639 0.0002563816    1
2.5711437031 0.0015214160 0.0003488213    2
3.0454634746 0.0017295512 0.0004756223    2
2.5002229087 0.0014411428 0.0005090569    2
0.5930491603 0.0009857130 0.0004079248    1
2.6278592986 0.0009276034 0.0004649088    2
3.1149062985 0.0011916845 0.0004817536    2
2.6039866683 0.0011535279 0.0004191716    2
0.7134097109 0.0009514482 0.0003911519    1
2.4523692540 0.0009977687 0.0003783825    2
2.8354400665 0.0012025612 0.0003698519    2
2.3598494295 0.0012436626 0.0003545173    2
0.4950421494 0.0012091612 0.0003868328    1
2.4400296826 0.0012338674 0.0004846440    2
2.9592687177 0.0012774780 0.0005318029    2
2.5040896389 0.0010413269 0.0004224735    2
0.5864298584 0.0010159787 0.0004078857    1
2.5061494567 0.0011866298 0.0004822957    2
2.9704491465 0.0012749345 0.0003980847    2
2.4959393427 0.0012729691 0.0004067975    2
0.4828562552 0.0013939163 0.0004313562    1
2.4289063983 0.0014476189 0.0004303157    2
2.9366370558 0.0018245251 0.0003292050    2
2.5479244320 0.0019414982 0.0003729978    2
0.5230168509 0.0012305364 0.0003612592    1
2.4443655164 0.0010025025 0.0003413393    2
2.9518862748 0.0014807817 0.0003182092    2
2.5592306038 0.0012591193 0.0003083610    2
0.6344082327 0.0010186375 0.0002927271    1
2.5284514789 0.0012712008 0.0003833255    2
2.8784103569 0.0013820168 0.0004194231    2
2.4840058833 0.0011733461 0.0003924324    2
0.5152294331 0.0012685895 0.0003472592    1
2.5409765461 0.0016053778 0.0003835626    2
2.8657310668 0.0014690644 0.0004163946    2
2.4647407754 0.0011793692 0.0003880410    2
0.5174150946 0.0008101584 0.0003483209    1
0.4147077467 0.0014780683 0.0004731085    3
0.4147077467 0.0014404952 0.0004155452    3
0.2858719191 0.0011365447 0.0003521994    1
0.3996080510 0.0010594837 0.0003573170    3
0.4534963853 0.0010910263 0.0003743795    3
0.3470652043 0.0009922114 0.0003371503    3
0.2406948046 0.0009673702 0.0003954349    1
0.3663667616 0.0012589023 0.0005709751    3
0.4323373235 0.0014413495 0.0005075519    3
0.4323373235 0.0013144958 0.0003313684    3
0.2990725923 0.0012581638 0.0003684841    1
0.4485801701 0.0014851078 0.0004036395    3
0.5064556015 0.0016664334 0.0004244577    3
0.4679187292 0.0014560788 0.0004475927    3
0.3374715807 0.0012514870 0.0004292163    1
0.3590591516 0.0014475343 0.0003752857    3
0.3677470104 0.0016679430 0.0004290774    3
0.3109324709 0.0014399009 0.0004957940    3
0.2219249989 0.0011640643 0.0004523495    1
0.4231979351 0.0014001343 0.0004139689    3
0.5456253060 0.0017900474 0.0004794854    3
0.4148348356 0.0014149834 0.0004258109    3
0.2557663105 0.0010138808 0.0003171636    1
0.3374496801 0.0011539803 0.0003502064    3
0.3621225825 0.0012576378 0.0003563534    3
0.3332600874 0.0013836194 0.0004366415    3
0.2596866443 0.0013397277 0.0005003533    1
0.3167664037 0.0011943655 0.0004671067    3
0.3994525871 0.0013340333 0.0004397061    3
0.3176576987 0.0013328286 0.0004402691    3
0.2245230542 0.0012377748 0.0004303921    1
0.3873119818 0.0015631090 0.0004721288    3
0.4881384235 0.0017033601 0.0003942268    3
0.4759893743 0.0013342562 0.0004170110    3
0.3664177198 0.0014611755 0.0003619231    1
0.4812818180 0.0015781689 0.0003419981    3
0.5277901734 0.0013610696 0.0003664255    3
0.3708581271 0.0013103671 0.0002998242    3
0.2528576201 0.0014258797 0.0003162799    1
0.2685574922 0.0013506972 0.0004215345    3
0.3311771139 0.0015554595 0.0004631860    3
0.3056133830 0.0011851162 0.0003475911    3
0.2909583224 0.0009098141 0.0002562453    1
0.3520759871 0.0016384082 0.0003548017    3
0.3632510072 0.0018759214 0.0004958614    3
0.3296726460 0.0014769379 0.0005134738    3
0.2211662652 0.0009823734 0.0004086044    1
0.3156304399 0.0009768034 0.0005003664    3
0.3156304399 0.0012024609 0.0005392598    3
0.3290286070 0.0011310934 0.0004431590    3
0.3290286070 0.0009527157 0.0003903518    1
0.3225396503 0.0010686674 0.0004393155    3
0.4872802139 0.0013575405 0.0004342689    3
0.4286236519 0.0013056686 0.0003635066    3
0.2855450398 0.0012042925 0.0003865618    1
0.3244413901 0.0012075876 0.0005316372    3
0.3524640049 0.0013401224 0.0006230919    3
0.2882939922 0.0011246388 0.0004646003    3
0.2243080579 0.0010179698 0.0004082430    1
0.3927439741 0.0012846243 0.0005173743    3
0.3927439741 0.0014941457 0.0004777379    3
0.2978789073 0.0013912443 0.0004469099    3
0.2085059172 0.0013919572 0.0004319388    1
0.4803321945 0.0015240201 0.0004762751    3
0.4803321945 0.0020380943 0.0004120146    3
0.3104762736 0.0020680950 0.0004051597    3
0.2095409101 0.0012275703 0.0003615797    1
0.4206070051 0.0012497751 0.0003533664    3
0.4789389073 0.0018906947 0.0003582728    3
0.4196609013 0.0014567941 0.0003087493    3
0.2392238118 0.0010140893 0.0002934839    1
0.4316463580 0.0014433295 0.0004151044    3
0.5294203116 0.0016289939 0.0004817797    3
0.4378578407 0.0012570578 0.0004099040    3
0.3096576261 0.0012704215 0.0003480103    1
0.3596081332 0.0017466903 0.0004012501    3
0.4797666170 0.0016055107 0.0004714760    3
0.4802779490 0.0012125388 0.0004098151    3
0.2990857835 0.0008133399 0.0003492053    1
0.2178987687 0.0334081659 0.0023523647    4
0.1945865286 0.0353622990 0.0022472267    4
0.2550304447 0.0278035368 0.0014327100    4
0.3095988839 0.0308675509 0.0016601322    4
0.3281094697 0.0340190455 0.0023423216    4
0.3215572842 0.0348041360 0.0024611404    4
0.2803477177 0.0285940848 0.0015676123    4
0.3322168297 0.0315690919 0.0017276869    4
0.3057106473 0.0347597653 0.0022344190    4
0.3190136419 0.0354880753 0.0024161517    4
0.3209541554 0.0288270409 0.0014863995    4
0.2850152218 0.0314550292 0.0017316197    4
0.2538693098 0.0340316880 0.0022620445    4
0.2489352764 0.0354313918 0.0022824644    4
0.2891011042 0.0280091246 0.0012976895    4
0.3129856175 0.0327819597 0.0016737035    4
0.3442094609 0.0370221038 0.0024175064    4
0.2910660275 0.0385645795 0.0025630575    4
0.2759130651 0.0298714297 0.0015958586    4
0.2499428778 0.0305230030 0.0015707071    4
0.2701344836 0.0332249980 0.0021632311    4
0.2777722998 0.0355249943 0.0021861630    4
0.2548254317 0.0279817582 0.0014109956    4
0.2155067846 0.0305365807 0.0016081529    4
0.2978690690 0.0337630394 0.0021602953    4
0.3058869131 0.0338516313 0.0021483203    4
0.2802685576 0.0275080917 0.0014539327    4
0.2072110831 0.0325489178 0.0019235435    4
0.1948225229 0.0354072283 0.0025544602    4
0.2115351003 0.0360416714 0.0024508325    4
0.2128094413 0.0285768336 0.0015330938    4
0.1993496482 0.0302049707 0.0017054471    4
0.3183344423 0.0342428194 0.0023497374    4
0.4003153619 0.0360518625 0.0023968323    4
0.3517880739 0.0291831581 0.0014662144    4
0.2532442337 0.0322970417 0.0018162405    4
0.2285068849 0.0352911843 0.0025185252    4
0.2465773726 0.0371685388 0.0024463252    4
0.2451674363 0.0297118557 0.0014211562    4
0.1962912096 0.0326994800 0.0018014244    4
0.2905683150 0.0360490374 0.0023792281    4
0.2905683150 0.0371318445 0.0022275731    4
0.3007513996 0.0285567871 0.0013261525    4
0.3644372474 0.0276269531 0.0013191717    4
0.4348443903 0.0317864524 0.0017484664    4
0.3581977618 0.0349044821 0.0019726836    4
0.2676571226 0.0274059355 0.0012986200    4
0.3167774112 0.0308890645 0.0016577239    4
0.3780727098 0.0345149979 0.0022317218    4
0.3801535353 0.0361984848 0.0022035408    4
0.3740820851 0.0286599917 0.0014296562    4
0.2562750466 0.0313284082 0.0017605637    4
0.2872407417 0.0344899382 0.0025433248    4
0.3267297830 0.0360526126 0.0024638409    4
0.2530735144 0.0291606947 0.0014713629    4
0.2382517430 0.0299356074 0.0017502628    4
0.2772834086 0.0335601729 0.0024271065    4
0.2870449134 0.0358148422 0.0024447446    4
0.2820743363 0.0285402781 0.0015617835    4
0.2221074618 0.0299926353 0.0018161737    4
0.1994861630 0.0333128943 0.0023355362    4
0.2370760104 0.0355376495 0.0022807090    4
0.2133030039 0.0285447921 0.0014815594    4
0.2002099064 0.0332808856 0.0018027703    4
0.1968683638 0.0368701138 0.0025084116    4
0.2350356770 0.0359783471 0.0023860285    4
0.2348778283 0.0285020621 0.0014354177    4
0.1846192949 0.0278197585 0.0015429505    4
0.2698192499 0.0322779613 0.0021446203    4
0.2698192499 0.0339605521 0.0021280283    4
0.2514772927 0.0275698705 0.0014073283    4
0.2310990327 0.0306199638 0.0016205324    4
0.2281774437 0.0341086989 0.0020686011    4
0.2241730991 0.0351044147 0.0021684413    4
0.2597009678 0.0281563895 0.0014244702    4
0.3333644444 0.0307162664 0.0017470183    4
0.3116686683 0.0358017812 0.0023812783    4
0.2725495494 0.0371325389 0.0023605192    4
0.2413211716 0.0287054562 0.0014375345    4
0.4391844269 0.0013498799 0.0004027163    5
0.3203155582 0.0012720759 0.0003824521    5
0.2559013486 0.0011375758 0.0003524399    1
0.4135766360 0.0010378586 0.0003559152    5
0.4562517076 0.0011623708 0.0003910588    5
0.4363850723 0.0010109829 0.0003520022    5
0.3006538558 0.0009663568 0.0003953245    1
0.3720609681 0.0010431058 0.0005240295    5
0.3782078852 0.0010370057 0.0004463937    5
0.3521222029 0.0011189925 0.0003166938    5
0.3006433645 0.0012571033 0.0003683193    1
0.3512662564 0.0013814640 0.0003679439    5
0.3512662564 0.0013957242 0.0003985256    5
0.3226135881 0.0013130286 0.0004539295    5
0.2439423133 0.0012526993 0.0004293921    1
0.2973079796 0.0011292994 0.0003702470    5
0.3941922064 0.0011265066 0.0004368490    5
0.4009724704 0.0011973233 0.0004870081    5
0.2933487052 0.0011640040 0.0004525188    1
0.2855159365 0.0011943257 0.0003795752    5
0.4413294744 0.0013228948 0.0004115550    5
0.4413294744 0.0012737011 0.0003915557    5
0.2206201374 0.0010147845 0.0003172926    1
0.3187230992 0.0011002314 0.0003013227    5
0.3807579258 0.0011763700 0.0003364751    5
0.3807579258 0.0013537909 0.0004397744    5
0.2660891699 0.0013399533 0.0005002665    1
0.3426301099 0.0011937825 0.0004325964    5
0.3616882842 0.0012704314 0.0003868789    5
0.3307834523 0.0012743683 0.0004207815    5
0.1818144538 0.0012371341 0.0004303880    1
0.2900026383 0.0014062744 0.0004099231    5
0.4524402625 0.0015096740 0.0003402158    5
0.4524402625 0.0012731969 0.0003684852    5
0.2815496774 0.0014611335 0.0003618721    1
0.4159082532 0.0014941255 0.0003187081    5
0.4248410617 0.0011576348 0.0003171173    5
0.3652192088 0.0012622980 0.0002880008    5
0.1847776831 0.0014251279 0.0003161540    1
0.3679803193 0.0012922994 0.0003693797    5
0.4189144808 0.0011598334 0.0004221564    5
0.3648785617 0.0009436677 0.0003251660    5
0.2781573853 0.0009093582 0.0002562480    1
0.4147755121 0.0014061855 0.0003486075    5
0.4725040641 0.0016350753 0.0004757939    5
0.3985033604 0.0014588802 0.0005118323    5
0.2970283189 0.0009828107 0.0004084547    1
0.3396733602 0.0007452349 0.0004549929    5
0.4526445375 0.0009501572 0.0004691838    5
0.4930848614 0.0010857650 0.0004167780    5
0.3784358483 0.0009521607 0.0003904619    1
0.4382677729 0.0008940286 0.0003762931    5
0.4566576411 0.0010231866 0.0003578108    5
0.4135877077 0.0011482360 0.0003470142    5
0.2584211188 0.0012053522 0.0003865512    1
0.4338613926 0.0011237388 0.0004827933    5
0.4718374763 0.0010121935 0.0005231278    5
0.3945974812 0.0009051688 0.0004169958    5
0.3000847105 0.0010173846 0.0004081644    1
0.3104747849 0.0010644778 0.0004734243    5
0.3550583152 0.0010379072 0.0003882723    5
0.3550583152 0.0011784975 0.0004059909    5
0.1884705498 0.0013922977 0.0004317760    1
0.3043106835 0.0012987607 0.0004250971    5
0.3272755604 0.0016241002 0.0003206125    5
0.3272755604 0.0018599333 0.0003686153    5
0.2596394377 0.0012280015 0.0003614495    1
0.3037277603 0.0008934296 0.0003371508    5
0.3572868581 0.0012518770 0.0003077152    5
0.3309604241 0.0011813607 0.0003043412    5
0.2564397124 0.0010153197 0.0002933060    1
0.2438103126 0.0011514469 0.0003688374    5
0.3472402996 0.0011508930 0.0004058444    5
0.3022024866 0.0010616965 0.0003904389    5
0.2391643924 0.0012701656 0.0003478631    1
0.3314059380 0.0014193351 0.0003781856    5
0.3815706275 0.0011636395 0.0004102886    5
0.3447400875 0.0010665473 0.0003889327    5
0.2652709562 0.0008123938 0.0003490726    1
0.8891833257 0.0051537073 0.0014552069    6
0.9411904137 0.0058861179 0.0014077767    6
0.9411904137 0.0038321053 0.0009487611    6
0.7207013697 0.0032925910 0.0009490579    6
0.9746577998 0.0054591337 0.0014185249    6
1.0318402772 0.0055161555 0.0013913705    6
1.0318402772 0.0036593607 0.0010189008    6
0.7761534666 0.0030617646 0.0009968829    6
0.9917440058 0.0049499287 0.0013961768    6
1.0744760926 0.0053535626 0.0013439004    6
1.0435367313 0.0035418933 0.0009307758    6
0.6969224829 0.0029683779 0.0010664196    6
0.8818284563 0.0047885113 0.0015463839    6
0.9792939934 0.0054653177 0.0015419062    6
0.9792939934 0.0037948611 0.0010323862    6
0.6066443174 0.0031159660 0.0010375940    6
0.9891004910 0.0048356016 0.0014819294    6
1.0061611336 0.0053712549 0.0014062585    6
1.0047803178 0.0038340156 0.0009618430    6
0.6016059723 0.0032650901 0.0010189516    6
0.9881534465 0.0048900835 0.0015400875    6
0.9977067617 0.0052979315 0.0014551688    6
0.9824377325 0.0035897792 0.0009054229    6
0.6440130250 0.0031421360 0.0009031026    6
0.9893829677 0.0049437702 0.0013745997    6
1.0949431365 0.0051921637 0.0014982918    6
1.0949431365 0.0034800218 0.0011127606    6
0.5847392660 0.0031606152 0.0011091657    6
0.9701182931 0.0054854875 0.0015612300    6
1.0129899423 0.0058519392 0.0014717075    6
1.0129899423 0.0039844305 0.0010179488    6
0.5920630744 0.0029234974 0.0009561536    6
1.0337313368 0.0046692942 0.0014125867    6
1.0502649823 0.0051113763 0.0014808771    6
1.0163598948 0.0038214430 0.0009088202    6
0.6067549458 0.0034000779 0.0009751354    6
0.9568488229 0.0051370066 0.0013873168    6
1.0150808577 0.0054377706 0.0013362742    6
1.0150808577 0.0035211999 0.0008916511    6
0.6007515839 0.0032188166 0.0009318590    6
1.1012402538 0.0049037384 0.0014511698    6
1.1184551691 0.0050747970 0.0013990155    6
1.1273340397 0.0034732562 0.0008857066    6
0.7974730206 0.0032774723 0.0009181671    6
1.0856050686 0.0054037960 0.0014711352    6
1.0367472750 0.0058802481 0.0015116322    6
0.9843084222 0.0038234818 0.0010275353    6
0.7364192826 0.0030718402 0.0010282535    6
0.9717135133 0.0053063682 0.0014173755    6
1.0883122050 0.0056841508 0.0013731120    6
0.9694687575 0.0035412647 0.0009654941    6
0.6992635029 0.0032439202 0.0010278742    6
1.0560211794 0.0053167829 0.0015065709    6
1.0764256163 0.0053735749 0.0013207127    6
1.0323878942 0.0035070203 0.0008198449    6
0.7019494334 0.0033273375 0.0010482213    6
0.9843761647 0.0053198554 0.0016032040    6
1.1279073533 0.0052774569 0.0015320887    6
1.1279073533 0.0035339443 0.0009687962    6
0.7003067218 0.0029263929 0.0011511998    6
1.0205604591 0.0047917493 0.0016071986    6
1.1165550647 0.0052156922 0.0015084159    6
1.1165550647 0.0038027502 0.0009519253    6
0.6063092303 0.0034613175 0.0010993441    6
0.9914470619 0.0057226719 0.0015166257    6
1.1222334500 0.0059059318 0.0014811589    6
1.1222334500 0.0036253154 0.0009861117    6
0.6047458931 0.0029605574 0.0010400781    6
0.9368367680 0.0046840675 0.0014852396    6
1.0144713387 0.0048728533 0.0014209198    6
1.0144713387 0.0033516180 0.0009170610    6
0.6330407053 0.0033666480 0.0008655050    6
1.0679962100 0.0052204195 0.0013784455    6
1.0861162933 0.0052925199 0.0014897924    6
1.0552596984 0.0037288400 0.0009751801    6
0.7244579010 0.0032633403 0.0010119033    6
0.9967874984 0.0048323844 0.0014448776    6
1.0668411441 0.0051873446 0.0014668102    6
1.0668411441 0.0034134441 0.0009708526    6
3.2645399061 0.0014847136 0.0003315853    2
3.0011374939 0.0012155358 0.0003096658    2
0.5484664098 0.0008274444 0.0002696444    1
3.0951330818 0.0010389437 0.0002823769    2
3.1585504306 0.0013392223 0.0003256508    2
3.1017331567 0.0009482479 0.0002757166    2
0.4520033387 0.0006532406 0.0003059172    1
3.1181121855 0.0011008238 0.0004197243    2
3.2862252186 0.0014209659 0.0003751616    2
3.1321488352 0.0010807370 0.0002515123    2
0.5619447366 0.0008810432 0.0002824609    1
2.9864262840 0.0012134207 0.0002983141    2
3.1143982207 0.0013414732 0.0003394031    2
3.0268845795 0.0011343748 0.0003542628    2
0.4259113681 0.0009247240 0.0003378170    1
2.9381185193 0.0011151519 0.0002963321    2
2.9879817470 0.0013780348 0.0003648317    2
2.9816257872 0.0011242853 0.0003882165    2
0.3833209677 0.0008339139 0.0003433624    1
2.9770280511 0.0012780404 0.0003082781    2
3.1011214205 0.0016514504 0.0003379166    2
3.1011214205 0.0012158225 0.0003131878    2
0.4583916633 0.0007349374 0.0002504136    1
3.0347172996 0.0011467064 0.0002522067    2
3.1293171394 0.0014581011 0.0002851823    2
3.0251725803 0.0012443543 0.0003486038    2
0.4544871897 0.0009218462 0.0003885998    1
3.0371952316 0.0011800442 0.0003465765    2
3.1194518453 0.0014498773 0.0003362711    2
3.1018345693 0.0011545237 0.0003457851    2
0.3491320360 0.0009110185 0.0003404658    1
3.0298646962 0.0011967959 0.0003349303    2
3.0997747915 0.0014169833 0.0002837379    2
3.0800083035 0.0010421270 0.0002981765    2
0.5173876546 0.0010083585 0.0002724698    1
2.9055982602 0.0013705819 0.0002640797    2
3.0894093244 0.0014303942 0.0002790947    2
3.0894093244 0.0012165923 0.0002337631    2
0.3499594568 0.0010097081 0.0002388783    1
3.0168475908 0.0012186731 0.0002997394    2
3.1583396444 0.0013680878 0.0003555419    2
3.1267136487 0.0009436145 0.0002813855    2
0.4980550160 0.0006525768 0.0002069390    1
3.1400525401 0.0012688941 0.0002735651    2
3.2081203881 0.0015468377 0.0003872989    2
3.1063164507 0.0011659198 0.0003968488    2
0.5024543724 0.0007347492 0.0003211685    1
3.1957744048 0.0009853636 0.0003732898    2
3.2771809653 0.0013157794 0.0003928094    2
3.2202041820 0.0009754235 0.0003300966    2
0.6174146880 0.0006748375 0.0002975581    1
3.0606338973 0.0009674740 0.0003111912    2
3.0606338973 0.0013858900 0.0003196166    2
2.9274951668 0.0011548167 0.0002983608    2
0.5528788175 0.0008724164 0.0002992158    1
2.9654128795 0.0011511966 0.0003779996    2
3.0908138384 0.0013877933 0.0004258594    2
3.0908138384 0.0009468435 0.0003371421    2
0.4737835954 0.0007140350 0.0003161994    1
2.9834042813 0.0010648272 0.0003817022    2
3.0214295025 0.0013794486 0.0003252249    2
3.0214295025 0.0012058297 0.0003285934    2
0.4257547924 0.0010503717 0.0003351701    1
2.9384992135 0.0012794585 0.0003356611    2
3.1264681291 0.0017099924 0.0002793025    2
3.1088833086 0.0015773584 0.0003052762    2
0.5259784004 0.0008769932 0.0002809967    1
2.9620281081 0.0009977961 0.0002854462    2
3.0994744156 0.0015042646 0.0002758015    2
3.0994744156 0.0010604630 0.0002528314    2
0.3894313266 0.0007889590 0.0002352676    1
3.0563259896 0.0011829738 0.0003104754    2
3.0789359152 0.0013432898 0.0003489165    2
3.0574115505 0.0010370252 0.0003190176    2
0.3406569722 0.0009192001 0.0002654241    1
2.9844107836 0.0013318864 0.0002997317    2
3.0397211495 0.0014439024 0.0003433237    2
2.9631235731 0.0010559798 0.0003099493    2
0.4745741873 0.0005790253 0.0002885205    1
0.5049357666 0.0011307529 0.0003878170    3
0.5049357666 0.0010927375 0.0003332446    3
0.2648052315 0.0008164786 0.0002677542    1
0.4747685658 0.0008080736 0.0002822117    3
0.6544805384 0.0008707504 0.0003069353    3
0.4970366539 0.0007657317 0.0002652503    3
0.3115450155 0.0006574664 0.0003029428    1
0.4416652885 0.0009254263 0.0004539385    3
0.5313598941 0.0011436091 0.0004162847    3
0.5140458139 0.0009795097 0.0002633830    3
0.3697819294 0.0008774801 0.0002796314    1
0.5221911436 0.0011330805 0.0003217530    3
0.5916739281 0.0012634111 0.0003435179    3
0.5173439690 0.0011252916 0.0003610456    3
0.3180189745 0.0009267530 0.0003389132    1
0.5300009690 0.0010738161 0.0002916097    3
0.5300009690 0.0013255425 0.0003504313    3
0.4753998165 0.0010951971 0.0003926722    3
0.2696093273 0.0008319228 0.0003417093    1
0.5642347273 0.0010669843 0.0003317201    3
0.5883932870 0.0013924464 0.0003897210    3
0.4550495352 0.0010643917 0.0003440606    3
0.2890921068 0.0007361935 0.0002532623    1
0.4295944273 0.0008617519 0.0002817469    3
0.4546449115 0.0010154697 0.0002974761    3
0.4535303384 0.0010418037 0.0003464803    3
0.2965285154 0.0009282380 0.0003883742    1
0.4198502985 0.0008938894 0.0003633322    3
0.4580286809 0.0009561095 0.0003555448    3
0.4580286809 0.0009520269 0.0003492841    3
0.2319088955 0.0009052620 0.0003381197    1
0.4869452201 0.0011583895 0.0003809520    3
0.4930932108 0.0013329720 0.0003272498    3
0.4873535974 0.0009927677 0.0003325680    3
0.3983092753 0.0009934760 0.0002706502    1
0.6044468766 0.0011853706 0.0002742701    3
0.6141059324 0.0010764684 0.0003047918    3
0.4455566398 0.0009972833 0.0002362167    3
0.2000093148 0.0010048111 0.0002357087    1
0.4084410609 0.0009994689 0.0003354777    3
0.4204137752 0.0011861609 0.0003736656    3
0.3640460004 0.0009411692 0.0002947689    3
0.2401695378 0.0006414933 0.0002090346    1
0.3753325470 0.0011836544 0.0002735993    3
0.4123650604 0.0013526341 0.0003937696    3
0.3881170955 0.0010743950 0.0004020714    3
0.2267005957 0.0007207599 0.0003193485    1
0.3576658178 0.0007546928 0.0003996896    3
0.3576658178 0.0009405108 0.0004383720    3
0.3775040046 0.0008140642 0.0003475601    3
0.3775040046 0.0006602875 0.0002986429    1
0.3812955924 0.0007974627 0.0003550709    3
0.5790858911 0.0010635843 0.0003566249    3
0.5001341598 0.0009950379 0.0002955957    3
0.2875553249 0.0008689862 0.0003022479    1
0.4547815890 0.0009249652 0.0004200649    3
0.5039376853 0.0010659398 0.0005061282    3
0.3853457708 0.0008442176 0.0003712124    3
0.1945664122 0.0007151303 0.0003171677    1
0.5045722706 0.0009957548 0.0004123358    3
0.5364147027 0.0011991237 0.0003921869    3
0.4265133429 0.0010939454 0.0003564849    3
0.2179781459 0.0010370377 0.0003350555    1
0.5918040239 0.0011385004 0.0003777306    3
0.5918040239 0.0015329189 0.0003375242    3
0.4003705396 0.0015332095 0.0003230642    3
0.1942739223 0.0008865450 0.0002836469    1
0.4814321891 0.0009438670 0.0002857481    3
0.5757765189 0.0014881535 0.0002996871    3
0.4958308845 0.0010919846 0.0002468172    3
0.1872355071 0.0007678034 0.0002341213    1
0.5361376172 0.0011135162 0.0003321096    3
0.5803429582 0.0012304737 0.0003908566    3
0.4986861643 0.0009880200 0.0003326424    3
0.2721435347 0.0009116056 0.0002655311    1
0.5156157705 0.0013099498 0.0003154966    3
0.5594667095 0.0012341357 0.0003801998    3
0.5568823422 0.0009300919 0.0003309528    3
0.1782955443 0.0005781789 0.0002856096    1
0.2742285189 0.0374011879 0.0028371743    4
0.2557068214 0.0399053638 0.0028721281    4
0.2902790786 0.0327249340 0.0016765446    4
0.3328367147 0.0352950686 0.0020080787    4
0.3325993521 0.0394937977 0.0029301511    4
0.2973213179 0.0415385827 0.0029212613    4
0.2746352719 0.0328682966 0.0018004598    4
0.3363972636 0.0339716494 0.0017577213    4
0.4140345210 0.0385058664 0.0026726609    4
0.4625955329 0.0403070397 0.0026988117    4
0.4161740854 0.0322812927 0.0016574483    4
0.3601822124 0.0345279917 0.0018336896    4
0.2640519952 0.0399233143 0.0025303673    4
0.2349058363 0.0416698685 0.0026459757    4
0.2986138013 0.0331245736 0.0015854706    4
0.2940733521 0.0357010808 0.0020044585    4
0.3176785880 0.0390962111 0.0028674294    4
0.3109586939 0.0400438024 0.0028592616    4
0.3039792921 0.0324607237 0.0016383572    4
0.2557312568 0.0324325647 0.0017640965    4
0.3058081826 0.0361461439 0.0025836124    4
0.3179920426 0.0405313971 0.0026018134    4
0.2772541771 0.0318427887 0.0015840450    4
0.2443878717 0.0320835480 0.0017467755    4
0.3463194146 0.0373392650 0.0025733608    4
0.3566996286 0.0414581820 0.0025323001    4
0.3566996286 0.0325758193 0.0015609953    4
0.1969416998 0.0324976070 0.0019468500    4
0.2259569095 0.0363845498 0.0027956500    4
0.2259569095 0.0399743209 0.0027637123    4
0.1941993166 0.0321725182 0.0017678146    4
0.1894287165 0.0352683244 0.0019210561    4
0.2767166773 0.0398287037 0.0026298073    4
0.3605702647 0.0399019556 0.0025462978    4
0.4093203607 0.0308139728 0.0015536824    4
0.3493117285 0.0342366705 0.0018799696    4
0.3593372025 0.0376554709 0.0027117274    4
0.3637734697 0.0395275395 0.0026891231    4
0.2762257999 0.0316573731 0.0015218366    4
0.1767312454 0.0361732462 0.0019552109    4
0.2362763878 0.0396454770 0.0028146167    4
0.2362763878 0.0401365145 0.0025902037    4
0.2849865630 0.0312568993 0.0014011768    4
0.4314967280 0.0332993388 0.0017326816    4
0.4366213144 0.0385594458 0.0025182731    4
0.3702400103 0.0430947780 0.0026062490    4
0.3094443670 0.0333691006 0.0016740302    4
0.2634942825 0.0350559825 0.0018436224    4
0.3818037607 0.0393641685 0.0026524761    4
0.4770377440 0.0384457839 0.0025139447    4
0.4447959548 0.0301301236 0.0015390943    4
0.2049834618 0.0346988194 0.0019378147    4
0.2924730734 0.0394586824 0.0026548260    4
0.3369551010 0.0388964827 0.0025798901    4
0.3369551010 0.0303186978 0.0015335113    4
0.2518105545 0.0337602451 0.0019446790    4
0.2243413551 0.0376653903 0.0030830974    4
0.2122687395 0.0393326668 0.0030254612    4
0.2222274902 0.0317846603 0.0017984855    4
0.2241985007 0.0338825023 0.0020377328    4
0.2068255836 0.0362246655 0.0028137653    4
0.2342129826 0.0371651414 0.0026969999    4
0.2132737833 0.0301772886 0.0015862799    4
0.2357105170 0.0321291910 0.0018230379    4
0.2592869688 0.0367805813 0.0026746886    4
0.3029241024 0.0410912709 0.0027179707    4
0.2585612591 0.0321755673 0.0015068309    4
0.2042651615 0.0345442142 0.0018369334    4
0.2461451242 0.0396133923 0.0025750619    4
0.2478721900 0.0416339484 0.0025674953    4
0.2029818276 0.0325518243 0.0015811467    4
0.2262616031 0.0355308957 0.0018717048    4
0.2944419246 0.0395211772 0.0027784379    4
0.3099239726 0.0422035190 0.0028535626    4
0.2868869735 0.0339781431 0.0017810499    4
0.3025276412 0.0347302103 0.0020048082    4
0.3474926347 0.0380581902 0.0027799601    4
0.2984392415 0.0396261191 0.0026517762    4
0.2461836848 0.0311009581 0.0016753984    4
0.4442040924 0.0009573799 0.0003141362    5
0.3186427998 0.0009266185 0.0003021488    5
0.3162549102 0.0008182892 0.0002678123    1
0.4459793372 0.0007273557 0.0002723631    5
0.4915946574 0.0008822319 0.0003090431    5
0.4523530958 0.0007545855 0.0002683761    5
0.2333801540 0.0006572391 0.0003034117    1
0.3642085956 0.0007190609 0.0004068596    5
0.3699242733 0.0007477536 0.0003440530    5
0.3615348485 0.0007939818 0.0002412723    5
0.3664925093 0.0008788086 0.0002802380    1
0.3995216933 0.0009974433 0.0002833438    5
0.3712374682 0.0010528577 0.0003221077    5
0.3024180288 0.0009537959 0.0003463190    5
0.3269156896 0.0009253391 0.0003385546    1
0.3423249205 0.0007864460 0.0002789880    5
0.3647364093 0.0008363072 0.0003393596    5
0.3647364093 0.0008737215 0.0003801434    5
0.2336163931 0.0008325439 0.0003418423    1
0.2493274368 0.0008792348 0.0002943721    5
0.4396339043 0.0009526416 0.0003163381    5
0.4396339043 0.0009048729 0.0003052704    5
0.2698624135 0.0007346692 0.0002526740    1
0.3107521942 0.0007744471 0.0002315033    5
0.3386718870 0.0008141906 0.0002543955    5
0.3216889599 0.0009817975 0.0003395009    5
0.2740114637 0.0009266190 0.0003885287    1
0.3043292027 0.0008752150 0.0003271839    5
0.3155247215 0.0009051956 0.0002997726    5
0.2658424362 0.0009124989 0.0003277609    5
0.1838263295 0.0009060615 0.0003385906    1
0.2416625793 0.0009930293 0.0003192788    5
0.4451908554 0.0010268112 0.0002602751    5
0.4458288017 0.0009000393 0.0002843564    5
0.4295775048 0.0009947323 0.0002707176    1
0.4627387879 0.0010801164 0.0002466741    5
0.4976181755 0.0008072790 0.0002456827    5
0.3681464783 0.0009288850 0.0002220464    5
0.2052919106 0.0010059848 0.0002362879    1
0.3396867201 0.0009354886 0.0002837128    5
0.3787921922 0.0008780664 0.0003331826    5
0.3678703835 0.0007032208 0.0002666977    5
0.2924816597 0.0006418731 0.0002084712    1
0.5131787773 0.0009901707 0.0002643493    5
0.5131787773 0.0011758991 0.0003795113    5
0.4252595400 0.0010512965 0.0003960574    5
0.2519447354 0.0007216603 0.0003197424    1
0.3306195179 0.0005438620 0.0003541942    5
0.5278997136 0.0006909321 0.0003663214    5
0.5278997136 0.0007663392 0.0003202167    5
0.4297387059 0.0006609050 0.0002981427    1
0.4358674644 0.0006143171 0.0002937680    5
0.5176189666 0.0007442260 0.0002771256    5
0.4698709421 0.0008417804 0.0002733037    5
0.3392795858 0.0008682134 0.0003017694    1
0.3924351655 0.0008170911 0.0003707608    5
0.4572895540 0.0007163100 0.0004062953    5
0.3606527399 0.0006231498 0.0003245925    5
0.2160163577 0.0007139470 0.0003169838    1
0.3218859397 0.0007734938 0.0003675113    5
0.3757329635 0.0007964096 0.0002975299    5
0.3615475577 0.0009336707 0.0003188172    5
0.2209476750 0.0010382234 0.0003353196    1
0.2646856531 0.0009204780 0.0003256394    5
0.3443710181 0.0011584944 0.0002468071    5
0.3443710181 0.0013497325 0.0002852112    5
0.2502318644 0.0008846237 0.0002833747    1
0.3313513280 0.0006331097 0.0002646866    5
0.3693845371 0.0009200742 0.0002364664    5
0.3693845371 0.0008495542 0.0002425121    5
0.1703847237 0.0007700050 0.0002344823    1
0.2552966597 0.0008480190 0.0002838242    5
0.3622505570 0.0008040576 0.0003112762    5
0.3039761623 0.0008071038 0.0003022672    5
0.2342392386 0.0009118534 0.0002655944    1
0.3446261227 0.0010151907 0.0002868089    5
0.3521478093 0.0008232257 0.0003179144    5
0.2589212244 0.0007650009 0.0002977817    5
0.2023448181 0.0005787604 0.0002861808    1
0.9397751168 0.0037280677 0.0011269011    6
1.0126990005 0.0041802053 0.0010936011    6
1.0405500214 0.0024569214 0.0006936698    6
0.9098788596 0.0021810918 0.0007729793    6
1.1394075010 0.0039426994 0.0010972723    6
1.1547841102 0.0039559817 0.0010851250    6
1.0406011517 0.0023874221 0.0007631032    6
0.6932811540 0.0020092436 0.0008151449    6
0.9702392665 0.0036070727 0.0010861016    6
0.9757437632 0.0038007959 0.0010417887    6
0.9674886316 0.0023381870 0.0007032840    6
0.6587383178 0.0019341073 0.0008690701    6
1.0591780453 0.0033655992 0.0011907930    6
1.0755113054 0.0038778184 0.0012051371    6
1.0508647715 0.0025597983 0.0007759823    6
0.7363012006 0.0020491834 0.0008349110    6
1.0382677662 0.0034252482 0.0011477801    6
1.0583432245 0.0037819618 0.0010795067    6
1.0323176567 0.0024929893 0.0007035000    6
0.7019717908 0.0021646838 0.0008329353    6
1.1085144593 0.0034748687 0.0011887976    6
1.1179973763 0.0037485848 0.0011314412    6
1.0538362348 0.0023440410 0.0006722877    6
0.7455724601 0.0019844672 0.0007305317    6
1.0925068114 0.0035556801 0.0010712200    6
1.1254780629 0.0037244147 0.0011621390    6
1.0989367279 0.0022122716 0.0008298455    6
0.7546445586 0.0020826863 0.0008915208    6
1.0207226258 0.0039182645 0.0012045411    6
1.0386497174 0.0041546264 0.0011360951    6
0.9354923110 0.0026204571 0.0007554200    6
0.6685521252 0.0018819437 0.0007891500    6
1.0967003714 0.0033869061 0.0011016703    6
1.1505332098 0.0036482083 0.0011400691    6
1.0913001494 0.0025805982 0.0006803708    6
0.7448157466 0.0022446111 0.0007934729    6
1.0729280139 0.0037391207 0.0010821039    6
1.0904255999 0.0039291292 0.0010332438    6
0.9553316225 0.0024059069 0.0006746796    6
0.6940394698 0.0021865013 0.0007600114    6
1.1393151556 0.0034457897 0.0011152845    6
1.1595820113 0.0036121850 0.0011005227    6
1.1515695725 0.0023373446 0.0006614921    6
0.9127834742 0.0022652765 0.0007461033    6
1.1212034945 0.0038621563 0.0011359641    6
1.1338664639 0.0041566373 0.0011789851    6
1.1189203394 0.0025062816 0.0007735234    6
0.8494581597 0.0020296636 0.0008405679    6
1.1023732186 0.0038004808 0.0010973828    6
1.1171521969 0.0040082203 0.0010622659    6
1.0091605083 0.0022934475 0.0007138810    6
0.8090109895 0.0021073787 0.0008363837    6
1.1309008250 0.0037925866 0.0011656552    6
1.1590234764 0.0038261099 0.0010260541    6
1.1128615786 0.0023085524 0.0006014486    6
0.8833103629 0.0022061205 0.0008555441    6
1.1403614533 0.0038117353 0.0012438298    6
1.1663591424 0.0037093808 0.0011882070    6
1.1465783667 0.0022966177 0.0007205797    6
0.8301223593 0.0018714331 0.0009249173    6
1.1078743849 0.0034274377 0.0012437834    6
1.1271942836 0.0037381008 0.0011688392    6
1.0536878119 0.0024958745 0.0007096570    6
0.6853775295 0.0022592698 0.0008896214    6
1.0965372333 0.0040857435 0.0011730545    6
1.1155452421 0.0041906504 0.0011484547    6
1.1377933793 0.0023681056 0.0007402754    6
0.8535574380 0.0018576985 0.0008518045    6
1.0252606229 0.0033606401 0.0011526658    6
1.0573642330 0.0034551265 0.0011024786    6
0.9621974067 0.0021438970 0.0006792999    6
0.6649619196 0.0022589165 0.0007161626    6
1.0830267238 0.0037287586 0.0010615360    6
1.1113796757 0.0037899952 0.0011619513    6
1.0347803605 0.0025352595 0.0007309741    6
0.6736518002 0.0021947418 0.0008136762    6
0.9380072102 0.0034530693 0.0011145929    6
0.9779398447 0.0037067796 0.0011425066    6
0.9386631041 0.0021427893 0.0007380377    6
3.0377481968 0.0014344835 0.0002886982    2
2.9209709506 0.0011084128 0.0002775403    2
0.6359224396 0.0007267573 0.0002263850    1
2.9347226058 0.0010193770 0.0002416234    2
3.2140431063 0.0013874684 0.0002730597    2
2.9928327775 0.0009249075 0.0002420350    2
0.5030459694 0.0005709593 0.0002667448    1
2.9937136497 0.0010563247 0.0003577283    2
3.0071706948 0.0014094119 0.0003276590    2
3.0060218816 0.0009872349 0.0002273255    2
0.5199868694 0.0007090555 0.0002328295    1
2.8184875570 0.0010973462 0.0002566824    2
3.0374923246 0.0013472402 0.0002875112    2
2.8850728702 0.0010054198 0.0003069045    2
0.6080493397 0.0006815216 0.0002681692    1
2.7103240712 0.0010815186 0.0002508636    2
2.8518767812 0.0013646704 0.0003142488    2
2.8145275417 0.0009772156 0.0003355692    2
0.4914589301 0.0007010861 0.0002902147    1
2.7942975001 0.0011234606 0.0002612225    2
3.0745503196 0.0015456501 0.0002822313    2
2.9794262186 0.0010643562 0.0002698018    2
0.5412832956 0.0005530914 0.0002024898    1
2.8677550764 0.0010262345 0.0002182741    2
2.9377246223 0.0013810576 0.0002512437    2
2.9064090918 0.0010780173 0.0002987588    2
0.5453209768 0.0007249887 0.0003312632    1
2.8611449622 0.0010062826 0.0002924673    2
2.9764884896 0.0012790052 0.0002994068    2
2.9439825602 0.0009737279 0.0002888072    2
0.4199388557 0.0007170232 0.0002810772    1
2.8465470892 0.0011257985 0.0002819292    2
3.0589177245 0.0013660773 0.0002446119    2
2.9584600769 0.0009629066 0.0002452532    2
0.6532224672 0.0008002123 0.0002235410    1
2.6793990194 0.0012055977 0.0002272953    2
2.9309212444 0.0014090708 0.0002496257    2
2.9309212444 0.0011220618 0.0002167582    2
0.4343022480 0.0008360447 0.0002063705    1
2.8488840576 0.0011368823 0.0002576566    2
3.0447180478 0.0014052338 0.0003088824    2
3.0040234023 0.0008564197 0.0002225048    2
0.5737249218 0.0005269318 0.0001644519    1
3.0015468603 0.0011601990 0.0002380450    2
3.1115164920 0.0014735989 0.0003323337    2
2.9868202394 0.0010436003 0.0003421634    2
0.5776787802 0.0005770941 0.0002759978    1
3.0307134133 0.0009424045 0.0003104672    2
3.1694059399 0.0013822995 0.0003336155    2
3.1198082430 0.0009302301 0.0002787444    2
0.5034209080 0.0005335505 0.0002477250    1
2.8822613855 0.0009326036 0.0002677055    2
3.0933902528 0.0013786636 0.0002844431    2
2.7892824124 0.0010381685 0.0002555190    2
0.5058115806 0.0006722550 0.0002509673    1
2.8055862431 0.0010169074 0.0003150127    2
2.9887801668 0.0013644852 0.0003692404    2
2.9887801668 0.0009283789 0.0002830011    2
0.6340078922 0.0006121576 0.0002709624    1
2.8039722910 0.0009680019 0.0003124235    2
3.0674074349 0.0013343315 0.0002728706    2
2.8907973792 0.0010797846 0.0002848633    2
0.4640320273 0.0008401797 0.0002843397    1
2.7740108848 0.0011593575 0.0002897454    2
2.9902737856 0.0016010923 0.0002505788    2
2.9902737856 0.0013546382 0.0002671286    2
0.6859136800 0.0006747374 0.0002393693    1
2.7737024941 0.0009755066 0.0002456190    2
3.0459018307 0.0014780870 0.0002476073    2
2.9645378865 0.0009635755 0.0002267363    2
0.4043602689 0.0006343072 0.0001990417    1
2.8541859551 0.0011689887 0.0002691148    2
3.0274838835 0.0014950271 0.0003197161    2
2.9344684963 0.0009772729 0.0002796812    2
0.4649593771 0.0007430770 0.0002245799    1
2.7674485658 0.0012538593 0.0002618382    2
2.8799238332 0.0014771899 0.0003062593    2
2.8481761444 0.0009583115 0.0002739568    2
0.4852804769 0.0004643433 0.0002379159    1
0.5879547334 0.0009676716 0.0003348139    3
0.5879547334 0.0009019463 0.0002814491    3
0.2561893678 0.0006861128 0.0002229566    1
0.4592864129 0.0007094235 0.0002445943    3
0.6822495921 0.0007691320 0.0002635870    3
0.5429229687 0.0006310844 0.0002257043    3
0.3088496705 0.0005313542 0.0002543043    1
0.4733596124 0.0007790232 0.0003831249    3
0.6401697637 0.0009930163 0.0003605202    3
0.6000208605 0.0008100565 0.0002231958    3
0.3567497716 0.0006725302 0.0002191998    1
0.5043677883 0.0009475482 0.0002719302    3
0.6040745572 0.0011034947 0.0002936056    3
0.5718893048 0.0009259618 0.0003007674    3
0.3092307259 0.0007285741 0.0002764454    1
0.6397277220 0.0009203765 0.0002461883    3
0.6744256640 0.0011149327 0.0002960833    3
0.6100276365 0.0009072799 0.0003297536    3
0.2989551893 0.0006609900 0.0002825206    1
0.6465565516 0.0008814004 0.0002854060    3
0.6865385948 0.0011776999 0.0003310095    3
0.5423626377 0.0008750123 0.0002883800    3
0.2721651223 0.0005862376 0.0002126840    1
0.5111881860 0.0007265685 0.0002403885    3
0.5562069338 0.0008907879 0.0002594582    3
0.5418602355 0.0008723743 0.0002977255    3
0.2889911615 0.0007283099 0.0003189394    1
0.4978848644 0.0007713872 0.0003056954    3
0.5554241999 0.0008287671 0.0003103880    3
0.5045885128 0.0007932112 0.0003048320    3
0.2078407766 0.0007180334 0.0002752178    1
0.5056684361 0.0009584251 0.0003203441    3
0.5475781553 0.0011537324 0.0002892398    3
0.5248790807 0.0008240289 0.0002785922    3
0.4220208105 0.0007852768 0.0002226812    1
0.6684014398 0.0009887339 0.0002347481    3
0.6684014398 0.0009243420 0.0002657237    3
0.5151303448 0.0008155576 0.0001995814    3
0.2222776552 0.0007935666 0.0001933693    1
0.4821227583 0.0007990578 0.0002839334    3
0.4821227583 0.0010249849 0.0003254737    3
0.4575775144 0.0007625502 0.0002434744    3
0.2377569939 0.0004955935 0.0001701139    1
0.4165849816 0.0009710640 0.0002308625    3
0.5324638019 0.0011305651 0.0003335785    3
0.4994528545 0.0008523317 0.0003332175    3
0.2384151824 0.0005573601 0.0002624057    1
0.4300180624 0.0006457886 0.0003333361    3
0.4300180624 0.0008192076 0.0003738082    3
0.3909292342 0.0006623586 0.0002951669    3
0.3909292342 0.0005052093 0.0002448123    1
0.4610139828 0.0006792598 0.0003027028    3
0.7151719584 0.0009294591 0.0003096635    3
0.6251690938 0.0008166387 0.0002456498    3
0.2237403739 0.0006872013 0.0002472303    1
0.5223779656 0.0007814113 0.0003543951    3
0.5223779656 0.0009607264 0.0004390805    3
0.4600693890 0.0007216670 0.0003140485    3
0.1663225764 0.0005675534 0.0002607747    1
0.5561825001 0.0008173710 0.0003439103    3
0.6413471471 0.0010151491 0.0003335793    3
0.5247420072 0.0009013832 0.0003003137    3
0.2136252051 0.0008224345 0.0002736130    1
0.6262276034 0.0009856765 0.0003302346    3
0.6468595880 0.0012731159 0.0002895187    3
0.4417868637 0.0012614451 0.0002775816    3
0.2052184145 0.0006853022 0.0002319071    1
0.5617515134 0.0007920973 0.0002435314    3
0.6358660146 0.0012698567 0.0002623491    3
0.5571268629 0.0009166067 0.0002050653    3
0.2124542086 0.0006264333 0.0001878590    1
0.6038513702 0.0009496346 0.0002834248    3
0.6100656233 0.0010837637 0.0003434090    3
0.5634508926 0.0008157797 0.0002807996    3
0.2631957402 0.0007200151 0.0002175466    1
0.6012655104 0.0010773326 0.0002689478    3
0.6650376609 0.0010752578 0.0003307928    3
0.5805813603 0.0007746736 0.0002800873    3
0.1974461623 0.0004350972 0.0002256672    1
0.2724004628 0.0409299827 0.0028563305    4
0.2281779839 0.0435125905 0.0028827896    4
0.3013548804 0.0348861232 0.0017445579    4
0.3618411513 0.0377628646 0.0020808634    4
0.4048622192 0.0419157162 0.0030789123    4
0.3371145814 0.0449272524 0.0030103706    4
0.3224314069 0.0349370286 0.0018109869    4
0.3446098869 0.0357576538 0.0020628034    4
0.3733354814 0.0421428204 0.0030686995    4
0.3677416949 0.0458256163 0.0030850023    4
0.3844139734 0.0360299979 0.0017843147    4
0.3220065810 0.0380814578 0.0022222049    4
0.2195585346 0.0421464635 0.0033203527    4
0.3156310078 0.0430110771 0.0030701300    4
0.3673648097 0.0343464935 0.0017907824    4
0.3360841798 0.0389682923 0.0020393504    4
0.3275789277 0.0439017245 0.0030602197    4
0.3080387737 0.0467034884 0.0031191691    4
0.2844160857 0.0361931254 0.0017350834    4
0.2198068883 0.0389742104 0.0021143816    4
0.3392147076 0.0430824439 0.0032137927    4
0.3668238747 0.0448913043 0.0031233031    4
0.3088101653 0.0362801941 0.0019938160    4
0.2605677242 0.0390636171 0.0022047060    4
0.3476398624 0.0426816633 0.0030744336    4
0.3932062623 0.0421483712 0.0029493190    4
0.3056075655 0.0336433575 0.0017100944    4
0.2139713502 0.0349136547 0.0020529484    4
0.2777856806 0.0400224398 0.0030086150    4
0.2846418987 0.0436898508 0.0029676502    4
0.2313354914 0.0337201912 0.0016622363    4
0.1886497976 0.0365634156 0.0019917976    4
0.3125479702 0.0417087139 0.0031740825    4
0.3907498226 0.0445014588 0.0030881208    4
0.4615126142 0.0354135208 0.0017902549    4
0.3894303918 0.0381283216 0.0022004250    4
0.3436731007 0.0413975455 0.0031781024    4
0.3331797512 0.0425533948 0.0029748999    4
0.2389597179 0.0336053738 0.0017064173    4
0.2001536447 0.0374472384 0.0021021793    4
0.2836519014 0.0420850133 0.0029869933    4
0.2836519014 0.0460703380 0.0030893939    4
0.2720416603 0.0357504390 0.0016200410    4
0.4089865082 0.0382624007 0.0020326685    4
0.3644069193 0.0432195963 0.0029261152    4
0.2880602613 0.0441016192 0.0031788381    4
0.2880602613 0.0349623780 0.0019233996    4
0.3250464437 0.0382290838 0.0020526092    4
0.4479590439 0.0424167873 0.0029687997    4
0.5073248070 0.0446713500 0.0030194580    4
0.4506417032 0.0358223810 0.0018366801    4
0.2509980770 0.0377734372 0.0022984105    4
0.3328988890 0.0423714506 0.0031438246    4
0.3844619608 0.0417258318 0.0030946999    4
0.2925726753 0.0328752728 0.0017463367    4
0.1985797059 0.0367671304 0.0021381755    4
0.2568751503 0.0407991314 0.0032724024    4
0.3085458709 0.0426142701 0.0032506126    4
0.2560511260 0.0350497815 0.0020236335    4
0.1957947770 0.0380714884 0.0022155578    4
0.2842620707 0.0432744677 0.0029300704    4
0.3191685520 0.0440717486 0.0029646064    4
0.2122202071 0.0351859159 0.0018697008    4
0.3169275924 0.0389797828 0.0022351728    4
0.3358287037 0.0420585422 0.0031565883    4
0.3353076718 0.0451772323 0.0029809719    4
0.3052683422 0.0344804367 0.0016846955    4
0.3135748654 0.0397094342 0.0020788401    4
0.2899558999 0.0462085369 0.0030879655    4
0.2273817235 0.0437576478 0.0030115515    4
0.2334612499 0.0346310419 0.0018497032    4
0.1864183594 0.0397718033 0.0021730850    4
0.2341960772 0.0438814898 0.0030324063    4
0.2981819424 0.0429793928 0.0030199579    4
0.2279434637 0.0340279908 0.0018564537    4
0.2745812256 0.0381641658 0.0020716078    4
0.2676699151 0.0424209265 0.0031471906    4
0.2553609427 0.0437794862 0.0030752945    4
0.2422902759 0.0342395905 0.0018423507    4
0.4188384983 0.0007544654 0.0002580017    5
0.3526522295 0.0007347563 0.0002509786    5
0.3030334823 0.0006845587 0.0002224341    1
0.4241056567 0.0005985624 0.0002281869    5
0.5053738286 0.0006798729 0.0002497586    5
0.3851612128 0.0005777220 0.0002153599    5
0.2618638387 0.0005329788 0.0002538824    1
0.3196759082 0.0005675689 0.0003346791    5
0.3846610762 0.0005857661 0.0002829056    5
0.3433128120 0.0006243507 0.0001994904    5
0.3394525709 0.0006742625 0.0002189782    1
0.3537737052 0.0007886641 0.0002316692    5
0.3299009656 0.0008097338 0.0002561211    5
0.3698834723 0.0007522142 0.0002858863    5
0.3847536152 0.0007283314 0.0002765550    1
0.3444985485 0.0006385786 0.0002275077    5
0.3922825484 0.0006581219 0.0002790434    5
0.3303508988 0.0006864286 0.0003118739    5
0.2238845032 0.0006597414 0.0002820973    1
0.2505936795 0.0006790261 0.0002446460    5
0.4247813714 0.0007469123 0.0002529145    5
0.4247813714 0.0007072011 0.0002496375    5
0.3238003462 0.0005874418 0.0002131715    1
0.2901475472 0.0006063021 0.0001888544    5
0.2901475472 0.0006436907 0.0002084655    5
0.3252258132 0.0007626820 0.0002789849    5
0.2811065007 0.0007283386 0.0003189060    1
0.2531276954 0.0007147939 0.0002674662    5
0.2827483788 0.0007115873 0.0002505660    5
0.2243576262 0.0007188506 0.0002784141    5
0.1737254449 0.0007175042 0.0002753047    1
0.2333444346 0.0007807364 0.0002591090    5
0.4229030989 0.0008142663 0.0002113869    5
0.4443809486 0.0007269629 0.0002299494    5
0.4937301314 0.0007850911 0.0002226733    1
0.5258940102 0.0008602255 0.0002032399    5
0.5271789181 0.0006295437 0.0002009549    5
0.3854644941 0.0007290233 0.0001810880    5
0.1833521856 0.0007934619 0.0001929200    1
0.3481210491 0.0007206136 0.0002321033    5
0.3815851920 0.0006703364 0.0002703268    5
0.3088182387 0.0005247915 0.0002123041    5
0.2731455384 0.0004944983 0.0001705395    1
0.5143111233 0.0007806723 0.0002170815    5
0.5143111233 0.0009227273 0.0003095479    5
0.3771389243 0.0008110725 0.0003230068    5
0.2416946227 0.0005557815 0.0002622845    1
0.2884979772 0.0004257996 0.0002871483    5
0.4408844975 0.0005421218 0.0003001623    5
0.4408844975 0.0005900998 0.0002650094    5
0.4248134557 0.0005033552 0.0002450644    1
0.4006875939 0.0004838985 0.0002421526    5
0.4817038254 0.0005848314 0.0002263485    5
0.3908702497 0.0006577268 0.0002200380    5
0.2840175147 0.0006867025 0.0002478188    1
0.3310179181 0.0006551546 0.0003044395    5
0.3529065294 0.0005672570 0.0003409383    5
0.3314062230 0.0004992976 0.0002662604    5
0.2448052248 0.0005669260 0.0002608326    1
0.3077809510 0.0005953958 0.0002982532    5
0.3645471590 0.0006585406 0.0002441519    5
0.3031285452 0.0007299400 0.0002591327    5
0.1746086002 0.0008205739 0.0002738915    1
0.2595022761 0.0007511042 0.0002774397    5
0.3643195497 0.0009278650 0.0002039964    5
0.3631947821 0.0010778313 0.0002361181    5
0.2953617033 0.0006868583 0.0002324035    1
0.3541233452 0.0004909302 0.0002185047    5
0.4162416987 0.0007226339 0.0001938997    5
0.3464760275 0.0006730259 0.0001906917    5
0.1646468239 0.0006221700 0.0001879057    1
0.2539352213 0.0006908101 0.0002340828    5
0.3225652393 0.0006472005 0.0002645914    5
0.3024088709 0.0006282420 0.0002467552    5
0.2346442268 0.0007196937 0.0002178407    1
0.3464504283 0.0007936721 0.0002360621    5
0.3464504283 0.0006582353 0.0002605357    5
0.2379957218 0.0006020670 0.0002450917    5
0.2174597055 0.0004357884 0.0002251773    1
1.0535362495 0.0029202876 0.0009231935    6
1.0822347394 0.0032721490 0.0008966140    6
1.2471195209 0.0019567943 0.0005715056    6
0.9800641950 0.0017110416 0.0006361205    6
1.1146718223 0.0030980605 0.0009040044    6
1.1327647692 0.0030822330 0.0008905545    6
1.0862237425 0.0019222872 0.0006306984    6
0.6962440549 0.0015836431 0.0006541809    6
1.0803306107 0.0028222485 0.0008933242    6
1.0787316765 0.0029799885 0.0008552392    6
1.1824865814 0.0019455576 0.0005820995    6
0.8068937424 0.0015204599 0.0006955082    6
1.1108705872 0.0026449772 0.0009832089    6
1.1319645968 0.0030230802 0.0009850109    6
1.1385880667 0.0020696707 0.0006433316    6
0.7161321355 0.0016451100 0.0006640972    6
0.9941473176 0.0026309648 0.0009333860    6
1.0137228230 0.0029301216 0.0008849184    6
1.1398765725 0.0020123605 0.0005820666    6
0.7218677565 0.0017129729 0.0006627441    6
1.1585767618 0.0026999866 0.0009685066    6
1.1697590882 0.0029265298 0.0009265946    6
1.1345667777 0.0019045427 0.0005624423    6
0.7050542581 0.0015829667 0.0005870942    6
1.0600926160 0.0027724627 0.0008777951    6
1.0987509472 0.0028981678 0.0009586942    6
1.1824004079 0.0017835580 0.0006845440    6
0.7261513788 0.0016064895 0.0007221333    6
0.9647861438 0.0030695527 0.0009937101    6
0.9857472064 0.0032677370 0.0009436316    6
1.0309307889 0.0021593270 0.0006286719    6
0.7012713176 0.0014690888 0.0006278906    6
1.1122066668 0.0026174348 0.0009005788    6
1.1296994935 0.0028450588 0.0009331870    6
1.1075039913 0.0021084847 0.0005681836    6
0.8187562413 0.0017995366 0.0006331553    6
1.0622118991 0.0029085939 0.0008862927    6
1.0828528395 0.0030526597 0.0008476811    6
1.0434825450 0.0019304018 0.0005561951    6
0.7131214327 0.0016757044 0.0006049054    6
1.1306748984 0.0027015799 0.0009241046    6
1.1549734285 0.0028021086 0.0008964336    6
1.2176437255 0.0018815876 0.0005502598    6
0.8940067450 0.0017794439 0.0005981420    6
1.1428451955 0.0030195595 0.0009328745    6
1.1601301648 0.0032249806 0.0009654614    6
1.2019656956 0.0020080511 0.0006377225    6
0.8080534198 0.0015975632 0.0006700509    6
1.1041678392 0.0029699753 0.0009000879    6
1.1041678392 0.0031351643 0.0008763813    6
1.0622044874 0.0018493664 0.0005923808    6
0.8964911460 0.0016699488 0.0006730372    6
1.0461756760 0.0029788098 0.0009571681    6
1.0739002138 0.0029718177 0.0008370613    6
1.0681306786 0.0018566973 0.0005009847    6
0.7768773264 0.0017321019 0.0006861492    6
1.1165756013 0.0030065940 0.0010260547    6
1.1455115336 0.0029108821 0.0009765120    6
1.3030960520 0.0018458766 0.0005975002    6
0.8922316347 0.0014582079 0.0007538541    6
1.0453259865 0.0026181324 0.0010083785    6
1.0664257548 0.0029217441 0.0009598334    6
1.0394735308 0.0020406721 0.0005883647    6
0.5810934396 0.0018293855 0.0007079548    6
1.1223507297 0.0031807435 0.0009537486    6
1.1442133258 0.0033188302 0.0009478747    6
1.3480501266 0.0019229078 0.0006123615    6
0.9332155442 0.0014509402 0.0006838019    6
0.9987599084 0.0025981246 0.0009465096    6
1.0267353730 0.0026814549 0.0009030158    6
1.0007401754 0.0017493574 0.0005613234    6
0.6776609313 0.0017595077 0.0005757086    6
1.0318725848 0.0029522114 0.0008809137    6
1.0638697860 0.0029768808 0.0009540428    6
1.0516674516 0.0020493531 0.0006080269    6
0.6714005719 0.0017246389 0.0006581586    6
0.9165584254 0.0026941077 0.0009177912    6
0.9555280638 0.0028720674 0.0009359244    6
1.0259155318 0.0017440039 0.0006014087    6
