x y z label
0.1614321741 0.2349653477 2.5812360506    2
0.1614321741 0.1848830407 2.5851789375    2
0.1408716015 0.0905480492 6.3994536123    1
0.0954335002 0.1760838398 2.4279010526    2
0.0954335002 0.2364353635 2.3213081121    2
0.0595486216 0.1680752819 2.4142727077    2
0.0595486216 0.0637783870 5.8529185625    2
0.0422541256 0.1302755879 2.1915112143    2
0.0422541256 0.1883250245 2.1820310548    2
0.0277828597 0.1422241669 2.0126449468    2
0.0277828597 0.0452428738 4.4416653821    2
0.0799767389 0.2095746927 1.9018208225    2
0.0799767389 0.3071225793 1.8454027921    2
0.0446200775 0.2300694078 1.8381807994    2
0.0429791197 0.0623980928 5.4942343550    2
0.0782207759 0.1117104543 3.2199304991    2
0.1112284214 0.1827972771 3.3208303347    2
0.1112284214 0.1640815761 3.2148691983    2
0.1048236589 0.0724803218 6.8191105276    2
0.0576163826 0.0704526013 3.8079097303    2
0.0381710575 0.1007581551 2.6749855586    2
0.0245511160 0.0756938153 3.3457219976    2
0.0245511160 0.0358037593 4.5212942559    2
0.1008408810 0.1349074536 2.9451170587    2
0.1498314486 0.2152049693 2.9405002753    2
0.1498314486 0.1864080716 2.9496721376    2
0.1387835210 0.0952533161 4.8097758972    2
0.2121510051 0.2169992339 3.1020509645    2
0.2660759588 0.3289320392 2.8043312015    2
0.2660759588 0.2810095353 3.1229427248    2
0.2502056434 0.1518609573 6.0411145747    2
0.1630396583 0.1842084912 3.2639422573    2
0.1704024126 0.2607999868 2.6500449244    2
0.1704024126 0.2151883414 3.1416732445    2
0.1578996643 0.0976056543 5.5960263317    2
0.1765554283 0.1861121363 2.6681965964    2
0.2299637594 0.2788245230 2.6291915222    2
0.2299637594 0.2342983483 2.8303366253    2
0.1932663124 0.1041860799 5.4630550639    2
0.1182710473 0.1117568350 3.3858873956    2
0.0785035755 0.1385079720 3.0991144880    2
0.0525352379 0.1068469573 3.1327993293    2
0.0525352379 0.0449591918 6.7778361816    2
0.1178464249 0.2384423484 2.4526273175    2
0.1792992212 0.3589715107 2.3398504495    2
0.1792992212 0.2831783611 2.5513009405    2
0.1646911725 0.1079093123 6.0599741586    2
0.1378850379 0.2059208247 3.0342285775    2
0.1378850379 0.2825261436 2.3109118920    2
0.0965796872 0.2094108039 2.9390138049    2
0.0932195490 0.0738552736 6.8274078695    2
0.0683043741 0.1099709025 3.3921450198    2
0.0918782033 0.1569815485 3.2870432518    2
0.0918782033 0.1319068499 3.5422214868    2
0.0858767224 0.0705157633 5.4837997492    2
0.0628857412 0.0944699351 2.9245483891    2
0.0761826535 0.1170883136 3.0238001795    2
0.0761826535 0.0896233571 3.7289676129    2
0.0698855087 0.0433072819 5.7786782222    2
0.0872196959 0.1106807112 3.3705312598    2
0.0872196959 0.1515199135 3.0934837257    2
0.0704173023 0.1135223618 3.1435593116    2
0.0588316129 0.0459019751 4.7067690145    2
0.1769170040 0.2209845491 2.5225966148    2
0.2193643231 0.3392484679 2.0384323070    2
0.2193643231 0.2737962255 2.4878609596    2
0.1927751036 0.1145282402 4.6729114966    2
0.1812031437 0.1725686382 2.7531622494    2
0.1812031437 0.2360546529 2.8096822777    2
0.1760580220 0.1906165084 3.0576678485    2
0.1410394754 0.0962866354 5.3713216210    2
0.0970505223 0.1278166436 2.8847349674    2
0.0891456032 0.1703125270 2.6942182172    2
0.0891456032 0.1325636176 2.4443858661    2
0.0823383854 0.0584803902 5.9029137120    2
0.0570021473 0.1029202554 2.5336910278    2
0.0450791297 0.1364632376 3.0229152115    2
0.0279102750 0.1049687916 3.3797161665    2
0.0262555782 0.0456251505 5.0173957593    2
0.0107714001 0.0320599233 5.6090171301    3
0.0112624304 0.0243087633 6.0735020400    3
0.0122701209 0.0317522269 6.0211594501    1
0.0151130568 0.0426808157 4.7044228582    3
0.0266286793 0.0420804898 4.8436202915    3
0.0266286793 0.0371063944 5.3981154247    3
0.0185854937 0.0306887207 6.3745733690    1
0.0158250580 0.0320049146 6.9551595268    3
0.0189769443 0.0383951647 5.2704392470    3
0.0189769443 0.0323180415 5.8543560835    3
0.0142459529 0.0279524343 6.1514223206    1
0.0134050173 0.0367228656 5.6114139965    3
0.0283574321 0.0371491281 5.3778911386    3
0.0283574321 0.0413137350 5.5165488158    3
0.0279687120 0.0424535760 5.2684918229    1
0.0381836613 0.0545121677 4.0336958546    3
0.0381836613 0.0803561303 3.8154400707    3
0.0318364609 0.0739842464 4.5424728235    3
0.0318364609 0.0444958804 6.5818728045    1
0.0452213923 0.0574925793 4.5469234916    3
0.0647680568 0.0823538857 4.3666673743    3
0.0647680568 0.0687527595 4.5252540953    3
0.0356193731 0.0376681048 6.5647476620    1
0.0280459317 0.0360241110 5.9302437003    3
0.0290291544 0.0448464029 5.6323911246    3
0.0290291544 0.0459145492 4.5755288626    3
0.0269576072 0.0410522106 4.9470431786    1
0.0395758431 0.0527943726 4.6892888256    3
0.0467027173 0.0647359828 4.3019570382    3
0.0467027173 0.0505787326 5.2369164354    3
0.0275153856 0.0338242960 6.0234188626    1
0.0359373349 0.0537114240 4.9017228600    3
0.0374066147 0.0665162179 4.3052113782    3
0.0374066147 0.0627127815 4.1546029327    3
0.0371378270 0.0498600131 5.2977242499    1
0.0490330453 0.0675641427 4.5303729784    3
0.0623801020 0.0735694811 4.7187117274    3
0.0623801020 0.0641795308 3.9789259014    3
0.0505913393 0.0522570129 6.3721280504    1
0.0364649370 0.0501826083 4.3302026761    3
0.0351060345 0.0525361391 5.9170682083    3
0.0351060345 0.0498645226 6.5006609658    3
0.0246811750 0.0462416656 6.3994356771    1
0.0397094740 0.0507673792 6.3678090488    3
0.0397094740 0.0547716755 5.4802796678    3
0.0395106195 0.0555061855 6.1777117543    3
0.0391812224 0.0519671095 5.9301570436    1
0.0290571526 0.0555498932 5.3072015309    3
0.0441454025 0.0711512831 4.1951792776    3
0.0441454025 0.0652795794 4.6236379356    3
0.0329599188 0.0483313589 5.0559731737    1
0.0525338169 0.0687721565 4.6985574823    3
0.0525338169 0.0794385441 4.1682802627    3
0.0490857052 0.0665002165 4.7426617978    3
0.0312756692 0.0429782426 5.4000622185    1
0.0251839170 0.0448179921 4.8167904303    3
0.0283654837 0.0462425524 5.2501108745    3
0.0283654837 0.0368835726 5.1915334546    3
0.0232965783 0.0294254758 7.0375814476    1
0.0254878853 0.0376341906 6.9988357287    3
0.0353926279 0.0438424278 5.9468783659    3
0.0353926279 0.0403957731 6.8140147833    3
0.0246219029 0.0337332338 5.8534093990    1
0.0150589737 0.0318045048 5.9716743459    3
0.0196332673 0.0332304393 5.9046692526    3
0.0287996944 0.0345476868 6.6677923003    3
0.0287996944 0.0356066917 6.4165342705    1
0.0254689469 0.0416555819 4.9338912652    3
0.0281590375 0.0572923912 4.8593242378    3
0.0281590375 0.0509506620 4.4255406212    3
0.0204125545 0.0340966986 6.9731078554    1
0.0230964830 0.0589378789 4.3741776886    3
0.0387239130 0.0771421752 4.2179399109    3
0.0387239130 0.0632587154 4.7170633848    3
0.0264708417 0.0385527928 5.6565630985    1
0.0189243747 0.0411147454 5.2617706856    3
0.0189243747 0.0448855087 4.6439192618    3
0.0132794752 0.0411670064 5.1802814935    3
0.0120989815 0.0365301273 5.1295459654    1
0.0175644588 0.3189163139 7.9099650724    4
0.0175644588 0.3151331174 6.6744402212    4
0.0173829331 0.1882158227 9.0502302903    4
0.0232329955 0.0952127119 6.5000533690    4
0.0273776965 0.1225962552 5.9313658884    4
0.0273776965 0.1206314162 5.4080802627    4
0.0232049228 0.0798503759 5.7956271413    4
0.0279742261 0.1069535798 8.4300464705    4
0.0279742261 0.1953672244 6.5964716431    4
0.0207944173 0.2005116228 8.1925699318    4
0.0185697558 0.1162623968 6.2988664365    4
0.0171748770 0.2373736090 6.7177269343    4
0.0197293538 0.3514526401 6.6921828909    4
0.0328684501 0.3619112323 6.2957433076    4
0.0328684501 0.2539957506 7.0976834707    4
0.0264054538 0.2242179416 8.1036369267    4
0.0264054538 0.2905242298 6.1222689932    4
0.0252688079 0.2785407806 8.1374011001    4
0.0160464296 0.2108340697 6.4913112512    4
0.0160464296 0.1957850326 8.4238375742    4
0.0155749769 0.2047850779 6.4710533805    4
0.0188603146 0.2026563417 8.6706903467    4
0.0188603146 0.1951605116 6.3437233355    4
0.0142141245 0.1390977173 8.7473480502    4
0.0184668401 0.1728129946 8.0202227893    4
0.0217713638 0.1824245027 7.9904652553    4
0.0217713638 0.1455545289 8.5851895768    4
0.0158753288 0.1005964602 9.5673242257    4
0.0217253253 0.0978732051 10.8758111298    4
0.0217253253 0.0990213964 9.9637937394    4
0.0196672974 0.0930414535 10.6642175587    4
0.0164490998 0.1301940590 7.2978339441    4
0.0164490998 0.2339953657 6.1272673965    4
0.0148847541 0.2377794764 6.1601773524    4
0.0153924200 0.1383575239 6.4324123550    4
0.0230849923 0.0851170469 8.2019098323    4
0.0230849923 0.1484118240 7.1537610348    4
0.0127043826 0.1466411966 8.3095293129    4
0.0106853678 0.0817302704 7.2699245988    4
0.0106853678 0.1390055379 7.6355836378    4
0.0191946027 0.2078386565 5.9349062366    4
0.0201898669 0.2201150526 7.2063940764    4
0.0201898669 0.1569975209 6.2131255314    4
0.0101472220 0.1513005084 8.1885129853    4
0.0216554152 0.3014508599 6.6530321382    4
0.0216554152 0.2981137676 6.3004412157    4
0.0151404210 0.1451926706 8.5876534593    4
0.0161602463 0.2102821480 6.7522532362    4
0.0161602463 0.3662309252 8.3356962778    4
0.0094838391 0.3688531880 6.9679186730    4
0.0077304394 0.2221406338 10.0688876381    4
0.0268097303 0.1725424535 8.4846720187    4
0.0268097303 0.2073147195 8.7819974688    4
0.0297841979 0.2187873612 7.0807036881    4
0.0297841979 0.1786504204 9.8516192321    4
0.0236151267 0.0947694827 10.1441067883    4
0.0130260766 0.0966675381 10.9354717690    4
0.0145656693 0.0962344668 10.3218535950    4
0.0149974824 0.0920840829 10.4570629060    4
0.0172593514 0.0950555820 8.1618088540    4
0.0189547619 0.1350306208 8.0212415126    4
0.0189547619 0.1377430421 7.0699009558    4
0.0143326340 0.0989599491 8.7278914006    4
0.0108474580 0.0968999166 7.0258223129    4
0.0123870676 0.1017690355 4.8897494789    4
0.0213992605 0.1067841032 6.9574666103    4
0.0265537803 0.0989432021 4.9682520313    4
0.0265537803 0.0800507835 9.1958163179    4
0.0198591562 0.1543109720 7.3946316894    4
0.0158295844 0.1549457192 9.1932095756    4
0.0119765913 0.0805274598 7.7377876630    4
0.0195709271 0.0762648803 7.9510023885    4
0.0195709271 0.1486449718 5.1710432453    4
0.0176044305 0.1517205377 5.8313357772    4
0.0176044305 0.0813114901 5.2172276408    4
0.0212295782 0.2016365901 6.0893262346    4
0.0285832080 0.3039954959 7.7529961406    4
0.0285832080 0.3002088873 6.0066484572    4
0.0273236513 0.1974823848 8.6788553408    4
0.0322440360 0.0768331594 4.7668737178    5
0.0349877714 0.0454550764 6.5323320416    5
0.0349877714 0.0353293098 8.1892414653    1
0.0321549793 0.0550701426 5.2135149675    5
0.0434826192 0.0567630528 7.8736319704    5
0.0434826192 0.0481331301 5.3710099223    5
0.0362769935 0.0390335887 5.1534774605    1
0.0314310403 0.0475816948 6.2661131641    5
0.0438304340 0.0535579497 5.3363974141    5
0.0450168127 0.0512605309 5.7510187892    5
0.0466995150 0.0490199394 6.8873317517    1
0.0466995150 0.0437164291 7.4202358992    5
0.0371134171 0.0415176630 6.6676796880    5
0.0281647010 0.0341635743 7.0305442501    5
0.0279298765 0.0362831081 6.5659116160    1
0.0197231931 0.0417009994 5.5978539670    5
0.0131165504 0.0355017154 5.9848136001    5
0.0131773868 0.0332613048 5.4543608460    5
0.0156741949 0.0314338742 5.3166261079    1
0.0156741949 0.0413387129 5.8135299910    5
0.0396749924 0.0469325397 5.4510741552    5
0.0396749924 0.0459978365 6.4946340353    5
0.0388355810 0.0424405803 6.9708203215    1
0.0480171215 0.0531379738 5.5534609552    5
0.0480171215 0.0617075683 5.7866342089    5
0.0470296280 0.0558645213 6.0138028651    5
0.0410227883 0.0464000149 6.2317888083    1
0.0501617723 0.0593988719 5.5205334324    5
0.0501617723 0.0660634997 6.5105805894    5
0.0422179296 0.0525080795 5.3471190355    5
0.0358098060 0.0384954725 6.7228700424    1
0.0384023540 0.0380379825 7.0151115148    5
0.0498272221 0.0498569110 5.8618248299    5
0.0498272221 0.0484733067 6.5648007499    5
0.0466653888 0.0418896897 6.2826643829    1
0.0364972379 0.0556566173 5.5067818147    5
0.0519818914 0.0603530719 5.9079529573    5
0.0519818914 0.0589564499 5.5692133190    5
0.0468051029 0.0530936695 6.0643089073    1
0.0409516492 0.0462231748 6.7533601984    5
0.0349008297 0.0495699575 5.2479892423    5
0.0320510320 0.0441347491 6.7128413613    5
0.0306480159 0.0424520274 5.4364039171    1
0.0285761620 0.0426221323 7.3274634521    5
0.0430217149 0.0376494219 5.5996022927    5
0.0463860365 0.0407548360 6.7539125455    5
0.0463860365 0.0432843457 6.2450221512    1
0.0299867525 0.0358394592 7.2627925918    5
0.0234868884 0.0320861854 6.2931146910    5
0.0254353949 0.0300826270 6.7373060345    5
0.0255644134 0.0366831783 5.2668203655    1
0.0325226129 0.0454189498 5.7671471908    5
0.0351926399 0.0415505655 5.5159800339    5
0.0351926399 0.0365084810 6.2256417947    5
0.0301509091 0.0381257892 6.8666025950    1
0.0336681712 0.0503276460 7.9534740868    5
0.0506040470 0.0531870576 6.0843229472    5
0.0506040470 0.0510739255 7.2019176173    5
0.0459435504 0.0469927318 4.8722619684    1
0.0354768032 0.0397731186 5.8830174946    5
0.0383351633 0.0439818170 5.3514946070    5
0.0433869765 0.0448777872 6.2997073991    5
0.0438704774 0.0469392795 5.6821245590    1
0.0438704774 0.0459167721 5.6764079413    5
0.0434745474 0.0464561666 6.3372023480    5
0.0434745474 0.0395157540 5.5294051320    5
0.0368438438 0.0322643785 5.8468936011    1
0.0258835738 0.0426588029 5.0348389322    5
0.0372784447 0.0507478705 5.2844649251    5
0.0372784447 0.0483521887 5.2046127002    5
0.0344329219 0.0448230030 5.0939612569    1
0.0489222910 0.0530518109 5.2745411247    5
0.0494771966 0.0521363816 5.0224905287    5
0.0494771966 0.0460801966 5.5231977526    5
0.0425346929 0.0434957983 5.5204184167    1
0.0466518638 0.0471319336 5.5777186600    5
0.0466518638 0.0496709544 5.2339351332    5
0.0460195814 0.0503448289 5.2510059687    5
0.0460195814 0.0478727926 4.9807390839    1
0.0523889352 0.1001234768 6.4344678644    6
0.0693666164 0.1035864577 6.7915678989    6
0.0784119218 0.0836152149 6.8809969566    6
0.0784119218 0.0990872701 5.7170730691    6
0.0866703685 0.1287109273 5.6730333187    6
0.1061464689 0.1295619102 5.9795781321    6
0.1061464689 0.1022594774 6.2387587139    6
0.0998118296 0.1003518180 6.4803552734    6
0.0779716674 0.1212461333 6.0203941130    6
0.0801834790 0.1193470593 7.2887278213    6
0.0909325944 0.0986711787 6.4291598594    6
0.0909325944 0.0880270677 7.4515242667    6
0.0828993662 0.1113628164 5.8617788535    6
0.1033673991 0.1252534477 6.6002095525    6
0.1046448437 0.1063083821 5.6226015099    6
0.1046448437 0.0994437254 6.8234350680    6
0.0806117219 0.1119349845 5.9316954953    6
0.0733874337 0.1145323183 6.4397392680    6
0.0794762870 0.0924920893 5.9512123817    6
0.0794762870 0.0962125567 6.0193247503    6
0.0875295224 0.1192202125 5.7320775074    6
0.1148060909 0.1295819466 6.2932936274    6
0.1148060909 0.1055579915 5.6344632040    6
0.1030709963 0.1032775977 6.3916939903    6
0.0832808661 0.1297739556 5.8802701222    6
0.1045390436 0.1270747842 6.2174398487    6
0.1045390436 0.0985328155 5.8608420573    6
0.1003150576 0.1037774069 5.7397261083    6
0.0863225604 0.1319698339 5.7225346697    6
0.1110511201 0.1353393932 6.0052275539    6
0.1110511201 0.1103564640 5.3911273499    6
0.0920717911 0.0993053106 6.4402495139    6
0.0978682418 0.1269602173 5.8641134149    6
0.1067289241 0.1299060810 6.0542886731    6
0.1067289241 0.0980552616 6.0620236911    6
0.1029356977 0.0993443386 5.4257783623    6
0.0676405846 0.1181185534 5.5879455692    6
0.0880189165 0.1150049696 6.5524865961    6
0.0880189165 0.0899709299 6.3565493232    6
0.0866003158 0.1055070054 5.9760204762    6
0.0740729359 0.1250229002 5.6943868844    6
0.0857927353 0.1179259579 5.9930775419    6
0.0956552009 0.0961591329 5.7023212925    6
0.0956552009 0.1083410199 5.6846027176    6
0.0747782605 0.1122630128 5.7598319786    6
0.0705339307 0.1057749828 6.2399793773    6
0.0705339307 0.0850398577 6.0625265515    6
0.0700271050 0.0886163836 5.5948122098    6
0.0501147607 0.1143431198 5.5716632487    6
0.0735254979 0.1082313312 6.3592529397    6
0.0786969779 0.0830443717 5.7857652170    6
0.0786969779 0.1038374167 5.7411074395    6
0.0829766890 0.1259676113 5.6532697384    6
0.1047714086 0.1264566185 6.0923391085    6
0.1047714086 0.1026625527 6.0114747022    6
0.1005528764 0.1057231334 5.5807690256    6
0.0765842165 0.1277534020 5.2277090716    6
0.0749129173 0.1228441537 6.0035807427    6
0.0787643682 0.0933333732 5.1949164031    6
0.0787643682 0.0986412041 5.8881102937    6
0.0709303350 0.1187371858 5.4906636118    6
0.0788826313 0.1086149328 6.0781894101    6
0.0804748921 0.0909859999 5.7844650740    6
0.0804748921 0.1092038669 5.3795418889    6
0.0837213531 0.1303697827 5.6228052655    6
0.1009149090 0.1264089515 5.9641039119    6
0.1071276309 0.0999258813 6.2803365988    6
0.1071276309 0.1098911640 5.7485895369    6
0.0778135290 0.1258099842 5.6487026316    6
0.0880455655 0.1129456151 6.6938267785    6
0.0880455655 0.0954276169 5.4744551840    6
0.0828923366 0.1026214031 6.2571116275    6
0.0701758502 0.1291520834 5.5218962728    6
0.0940153521 0.1232366041 6.1902233621    6
0.0940153521 0.0919332516 5.8876497242    6
0.0811151021 0.0897857756 6.3774508033    6
0.0689189927 0.1140277018 5.7514618882    6
0.0890314961 0.1153111339 6.0993436925    6
0.0890314961 0.0867467927 6.0613956192    6
0.1526412042 0.2497314371 2.3650174360    2
0.1526412042 0.2128004889 2.3741721459    2
0.1454474853 0.1092303567 5.4523197242    1
0.1122121789 0.2468129074 1.8533005979    2
0.1715093461 0.3771157732 1.5339935514    2
0.1736290354 0.3028790161 1.8245486330    2
0.1736290354 0.1486126330 4.5854186630    2
0.1473625441 0.2985943345 1.4865691693    2
0.1473625441 0.4598714278 1.7229366436    2
0.1266974410 0.3484384106 1.6929711988    2
0.1266974410 0.1611105641 4.3865550281    2
0.1608143535 0.2300245154 3.8273670630    2
0.1608143535 0.3420434350 3.8780333289    2
0.1474960734 0.2612337664 3.8807183340    2
0.1045143001 0.1105600284 5.1747734769    2
0.1720319692 0.2066102904 4.0652767153    2
0.1873631648 0.3383050299 4.1710994971    2
0.1873631648 0.2892328976 3.9725500039    2
0.1718236451 0.1652309134 4.2059984804    2
0.1852735424 0.2696738147 1.4174386892    2
0.1852735424 0.3971721067 1.5409770807    2
0.1274361288 0.2984571702 1.9769580999    2
0.1274361288 0.1455928320 3.9965331911    2
0.1273730768 0.2487537945 3.2902438838    2
0.1816826821 0.4033252083 3.2814816619    2
0.1816826821 0.3259361189 3.3037710587    2
0.1798703128 0.1545558919 3.9659666919    2
0.1817491822 0.2290385984 1.9548860563    2
0.1817491822 0.3412202585 1.7920451978    2
0.1353490825 0.2630601510 2.5755350129    2
0.1353490825 0.1400384517 4.3318975325    2
0.1332876583 0.2203699243 3.2985261404    2
0.1332876583 0.3339078069 3.2315826758    2
0.1065239048 0.2576803396 3.1946000244    2
0.1065239048 0.1345227414 4.2558351010    2
0.0900055055 0.2093066098 3.4571037341    2
0.1157928023 0.3273288741 3.5289769087    2
0.1157928023 0.2478599757 3.5007781821    2
0.1156655874 0.1082446645 5.5318692816    2
0.1424114623 0.2546150526 1.4331937276    2
0.1424114623 0.4020754070 2.0324572282    2
0.0776420050 0.2962206162 1.9619395167    2
0.0776420050 0.1358072476 5.2008119518    2
0.1126517531 0.1151139744 4.4838131401    2
0.1126517531 0.1679533937 4.2885385861    2
0.1018790312 0.1290010821 4.3955789121    2
0.0904436593 0.0855392329 6.4700558749    2
0.1126591166 0.1242205360 4.2507374973    2
0.1277189341 0.2023923505 4.2621971265    2
0.1316128147 0.1896482536 4.3479053726    2
0.1316128147 0.1288605194 4.8411715157    2
0.1282352240 0.1783362330 2.2578210865    2
0.1056485114 0.2637790480 2.5070891740    2
0.0826756675 0.2080098580 2.0869922661    2
0.0826756675 0.0861802523 4.9225355966    2
0.1355725679 0.2553849008 1.7506056006    2
0.1585105468 0.4059117417 1.7363853620    2
0.1599782617 0.3159056769 1.8183309793    2
0.1599782617 0.1534849964 4.3020937186    2
0.2183477541 0.2776672158 1.8057996648    2
0.2420616889 0.4413052302 2.1338005144    2
0.2439670255 0.3563105354 2.0530669379    2
0.2439670255 0.1958589406 5.6737121546    2
0.2224682561 0.2344188110 3.0834966396    2
0.2234198251 0.3211213529 2.9926253294    2
0.2234198251 0.2772713705 2.9112203758    2
0.2177608292 0.1756768782 4.8699928109    2
0.1711979799 0.2476736675 1.8607479919    2
0.1506432000 0.3684221958 1.9016960974    2
0.1451361116 0.2875482913 1.8884707249    2
0.1451361116 0.1060375399 4.5065495026    2
0.1136820311 0.1756903793 1.7852086241    2
0.1136820311 0.2651444609 1.7112391587    2
0.0772694984 0.1973575093 1.8433578498    2
0.0772694984 0.0674538166 4.4898996266    2
0.1227420174 0.1955303020 2.8915428373    2
0.1227420174 0.2938615574 2.9515374580    2
0.0503658410 0.2194529685 2.8979595184    2
0.0503658410 0.0884296195 5.2327780740    2
0.0335359100 0.0725982639 3.7037006602    3
0.0335359100 0.0595312066 4.8249389262    3
0.0233278141 0.0370604075 5.1597307188    1
0.0543885048 0.0667029734 3.6936310124    3
0.0590656831 0.0936009718 3.4063140097    3
0.0590656831 0.0837536264 3.5497145263    3
0.0511248253 0.0744833628 4.2873586502    1
0.0787289677 0.0987348745 3.1856752542    3
0.0996703756 0.1237973599 3.7721027699    3
0.0996703756 0.1151948765 3.3600146905    3
0.0920582166 0.0799666138 5.1827762931    1
0.0786368702 0.0951965954 4.1564566895    3
0.1203002558 0.1261633948 3.5998502755    3
0.1203002558 0.1083492673 4.5316998032    3
0.0949260954 0.0686242102 3.9757773370    1
0.0692367463 0.0772184629 3.9515024094    3
0.0535144608 0.0861944390 3.0043885462    3
0.0535144608 0.0741243462 5.2787316374    3
0.0484265770 0.0584680724 5.4780488334    1
0.0441833070 0.0790604387 4.5895829347    3
0.0680984967 0.0966622054 4.1702876282    3
0.0680984967 0.0767730502 3.4304083745    3
0.0428510491 0.0571710412 7.2409180702    1
0.0730566812 0.0853407375 3.3510514959    3
0.0853061194 0.1154440228 4.0746916783    3
0.0853061194 0.0964727239 3.2343943047    3
0.0534262244 0.0527714055 5.4563533258    1
0.0487653444 0.0565932648 4.4227414293    3
0.0589564134 0.0691019331 4.9826000057    3
0.0589564134 0.0700890812 5.2370089194    3
0.0534267458 0.0534871566 5.0571742096    1
0.0532783455 0.0476815104 5.8449478122    3
0.0432139152 0.0479498455 5.0406185458    3
0.0432139152 0.0352768745 4.9988249607    3
0.0260806461 0.0283468950 4.4245263129    1
0.0197351168 0.0418988633 5.0029587406    3
0.0197351168 0.0508929996 3.6417102423    3
0.0180587627 0.0469170164 4.8201031848    3
0.0151430553 0.0385713959 4.0250577336    1
0.0518385300 0.0666031240 4.4406671256    3
0.0622008262 0.0974776586 3.3877912219    3
0.0622008262 0.0820115587 4.3577849553    3
0.0335513339 0.0389896253 5.5915176082    1
0.0498707145 0.0776724593 2.9544816721    3
0.0658627761 0.1090185382 3.9134852491    3
0.0658627761 0.0963423092 3.7326722413    3
0.0589569782 0.0699849023 6.8643599602    1
0.0478982567 0.0662836189 4.2083683563    3
0.0507394421 0.0703739082 4.4437279375    3
0.0507394421 0.0611722793 4.4072310943    3
0.0363023082 0.0395450901 5.7309901907    1
0.0427200351 0.0660884581 4.3017866057    3
0.0695312820 0.0983275469 3.6849202793    3
0.0695312820 0.0805908525 3.8389427674    3
0.0440674500 0.0564906648 4.2885107263    1
0.0319767838 0.0568091381 3.8090044257    3
0.0561495329 0.0782015872 4.3421196091    3
0.0561495329 0.0714596780 3.5710891962    3
0.0532492976 0.0515579704 6.2437784028    1
0.0506557675 0.0856913192 3.7042693996    3
0.0896003939 0.1132632930 3.9544630719    3
0.0896003939 0.0932419352 3.8827617810    3
0.0672035930 0.0553345156 6.1747666196    1
0.0508009916 0.0841658000 3.0880833546    3
0.0672980237 0.1072527728 4.0538810018    3
0.0672980237 0.0814881584 3.3659019317    3
0.0491505318 0.0482524897 6.0126793773    1
0.0481562725 0.0631350802 3.7878389169    3
0.0631190789 0.0996830670 3.7786857702    3
0.0631190789 0.0902851105 3.6802583957    3
0.0524745218 0.0570355363 5.3902512424    1
0.0418764089 0.0699406292 4.1187518046    3
0.0531965456 0.0816950688 3.7287750720    3
0.0531965456 0.0632265936 4.2605861268    3
0.0443146720 0.0343213495 4.4841807747    1
0.0514533221 0.0795950459 3.3644317716    3
0.0765576796 0.1093079423 3.2538431660    3
0.0765576796 0.0812781591 3.4452980808    3
0.0432837973 0.0591379908 5.0572698141    1
0.0172163318 0.3540221969 6.5840129426    4
0.0172163318 0.3523242992 7.9726213697    4
0.0157200555 0.1731856399 6.4718736151    4
0.0132571632 0.2770622123 6.9785546819    4
0.0275722797 0.3278869541 6.2841342573    4
0.0311474881 0.3322050502 5.9745054241    4
0.0311474881 0.2815734341 6.6964456867    4
0.0145941229 0.1153752917 10.4919872098    4
0.0182135671 0.1185323736 8.9411279028    4
0.0197974353 0.1179429352 11.1858009274    4
0.0197974353 0.1119144131 8.7240141834    4
0.0199122246 0.1599005194 8.6846485724    4
0.0209244643 0.2255146724 4.9574137488    4
0.0209244643 0.2240308225 7.9612827140    4
0.0206095489 0.1608784006 4.7802798656    4
0.0153222595 0.2599826257 6.6514580937    4
0.0131933411 0.4595931747 6.9261185426    4
0.0124415585 0.4504431895 5.6924193862    4
0.0172075969 0.2404631479 7.6910908236    4
0.0275480149 0.3250180470 5.9024066035    4
0.0275480149 0.5683440124 6.4769020960    4
0.0195771972 0.5641649371 5.7215796891    4
0.0099887941 0.3206694486 6.9127842896    4
0.0191403798 0.1901061386 8.5802375259    4
0.0191403798 0.3993479698 7.3652599856    4
0.0141700056 0.4019571873 8.5091199511    4
0.0141700056 0.1956775757 7.4891836346    4
0.0178743543 0.3670048708 6.3044542578    4
0.0238405667 0.4017031648 5.0793240208    4
0.0238405667 0.3711121759 6.1873785386    4
0.0215613943 0.3327236289 5.3533356771    4
0.0178782311 0.1583535348 8.1625381537    4
0.0258542707 0.2148806824 4.9627241903    4
0.0258542707 0.2088423924 7.7813753565    4
0.0180164277 0.1501893302 5.1669246047    4
0.0123614510 0.2090725417 8.4380649393    4
0.0216711814 0.3966685256 6.4216453321    4
0.0284834698 0.3979540468 7.3124235244    4
0.0284834698 0.2127982232 8.0541519804    4
0.0215885843 0.0877520393 10.0146236463    4
0.0106933174 0.1333395899 6.4812773712    4
0.0089282091 0.1300305995 8.5340289939    4
0.0113672886 0.0712446982 6.1087513207    4
0.0135638039 0.3128137343 6.3311051981    4
0.0183823132 0.4905129948 5.4609265683    4
0.0183823132 0.4819626967 6.6583498231    4
0.0092433173 0.2996873959 6.3499443380    4
0.0140769693 0.1058659748 10.9759472862    4
0.0145032043 0.1189253831 6.2035070472    4
0.0145032043 0.1258906013 9.4722586451    4
0.0080016189 0.1093233449 6.2593775549    4
0.0184849574 0.4025724388 6.4638213794    4
0.0243730326 0.4364113670 5.5928342370    4
0.0243730326 0.4084191606 6.0889365326    4
0.0199161710 0.3726169118 5.6844840878    4
0.0129264429 0.2367154876 8.0453352839    4
0.0093585190 0.3468916462 7.1951801899    4
0.0169432946 0.3513264392 7.2862684129    4
0.0178700718 0.2420807400 8.0484846233    4
0.0185146106 0.1363002488 6.9547867649    4
0.0234245561 0.2497653040 4.2374699613    4
0.0301073393 0.2445408478 4.2484664258    4
0.0301073393 0.1220398481 4.8194973060    4
0.0280042988 0.0919880749 8.1391572295    4
0.0280042988 0.1680172446 7.0432165040    4
0.0243565799 0.1680904322 8.9081744884    4
0.0221727786 0.0905192105 6.1751499385    4
0.0191461209 0.1938160633 8.5320418426    4
0.0176271882 0.2644052934 5.2646558338    4
0.0135463007 0.2573934562 7.7777111496    4
0.0142407076 0.1922414711 5.3877870208    4
0.0142407076 0.0957392774 9.3940601527    4
0.0076501447 0.1103528238 8.4431939314    4
0.0161095675 0.1086079423 8.3652293700    4
0.0168062226 0.0759050140 8.3347788009    4
0.0219844524 0.0921341845 5.8212063933    4
0.0219844524 0.1342085491 7.1727582110    4
0.0191442393 0.1344298211 4.9961274385    4
0.0285833521 0.0948556305 7.8694762962    4
0.0281514686 0.0843356382 4.1351216224    5
0.0281514686 0.0400711378 5.7120752594    5
0.0209377732 0.0397492860 7.1836373925    1
0.0242066520 0.0517717645 5.8513114360    5
0.0300572536 0.0405561200 5.8612538781    5
0.0316212306 0.0496457467 4.8029477018    5
0.0316212306 0.0474228645 5.9452554996    1
0.0280279679 0.0425815858 4.1507906153    5
0.0314380124 0.0495471359 5.4180741149    5
0.0316385693 0.0471208170 4.6162201313    5
0.0316385693 0.0381313732 5.3956908366    1
0.0232936811 0.0352602014 6.0746257339    5
0.0119313458 0.0446353189 5.7340343394    5
0.0106523958 0.0430779836 5.1288069433    5
0.0115210023 0.0401512595 6.6767091248    1
0.0214215385 0.0442515748 5.3077597591    5
0.0309628862 0.0493376063 7.6480052726    5
0.0309628862 0.0434322356 5.1675685159    5
0.0283489422 0.0390110975 8.2443445773    1
0.0282719261 0.0393596393 6.4636595754    5
0.0289859790 0.0390229229 6.8818908334    5
0.0289859790 0.0371466651 6.8468230480    5
0.0214993947 0.0403601064 7.1228105875    1
0.0250321310 0.0454524131 6.4494294382    5
0.0273355437 0.0529320751 6.1289134133    5
0.0291807476 0.0531080106 5.6920579597    5
0.0291807476 0.0418620597 5.4086237167    1
0.0252054458 0.0395930911 6.4277568455    5
0.0301831958 0.0454613679 5.1910383016    5
0.0347698596 0.0394714356 5.3020237255    5
0.0347698596 0.0427166191 6.5566733108    1
0.0357523352 0.0524008447 5.7062656867    5
0.0378622757 0.0572148344 6.3768956663    5
0.0393154313 0.0538935934 5.2581765438    5
0.0393154313 0.0510880106 4.9649604932    1
0.0384488628 0.0452234422 6.7351257452    5
0.0338440784 0.0402978444 4.9167408147    5
0.0338440784 0.0425754777 6.3263402214    5
0.0315747422 0.0389685945 5.4588689062    1
0.0258216611 0.0424601497 4.4188818315    5
0.0197134156 0.0370431942 5.8190993190    5
0.0249126304 0.0493103265 4.6577284390    5
0.0249126304 0.0426383732 3.9913064147    1
0.0166627994 0.0394257777 5.4790678029    5
0.0221477310 0.0449778962 4.5993491394    5
0.0273379192 0.0485680776 5.6881808280    5
0.0297879894 0.0464938624 4.5206213738    1
0.0297879894 0.0435681494 6.2747805189    5
0.0200907264 0.0424377553 4.7206814024    5
0.0259126343 0.0427428583 4.1572159172    5
0.0259126343 0.0385422354 4.8330073205    1
0.0249871731 0.0289843230 5.4094599213    5
0.0186998851 0.0321480631 4.9624616430    5
0.0186998851 0.0382846416 4.9744458246    5
0.0154060667 0.0421958084 5.6238654044    1
0.0154060667 0.0420746874 5.8987385388    5
0.0248666900 0.0381917780 5.9260563660    5
0.0248666900 0.0339117299 5.6153655862    5
0.0235892474 0.0363622632 5.2922833896    1
0.0122007714 0.0310835930 5.6201326357    5
0.0204715424 0.0437942671 5.2171708147    5
0.0204715424 0.0457480820 4.6849258414    5
0.0217626614 0.0414300125 5.9183956019    1
0.0228730933 0.0510000471 4.8019035718    5
0.0278378314 0.0477925950 5.9043014651    5
0.0278378314 0.0378656458 4.7314614855    5
0.0183639387 0.0350552557 5.3116380377    1
0.0207915007 0.0461428787 4.8972182723    5
0.0207915007 0.0435605209 5.7854122289    5
0.0188616221 0.0311095412 6.6812729142    5
0.0183385082 0.0310109327 6.3338438835    1
0.0183385082 0.0396034262 6.6398687054    5
0.0278258581 0.0455882059 6.1906615899    5
0.0278258581 0.0460347559 4.5059644447    5
0.0311607678 0.0395630166 5.9078235722    1
0.0397153762 0.0463540920 5.7975678055    5
0.0397153762 0.0597907251 5.7787273599    5
0.0392482675 0.0542948558 4.9636385933    5
0.0391955772 0.0395216969 5.1967131928    1
0.0850484397 0.1503521131 4.7913682931    6
0.1122348741 0.1767157640 4.7900049372    6
0.1122348741 0.1361955608 4.5151920324    6
0.0805494799 0.0926888451 4.9462296199    6
0.1046874557 0.1674524636 4.8079490761    6
0.1123681899 0.1944931971 4.3202494057    6
0.1123681899 0.1378528565 5.0863879213    6
0.1058943045 0.0954551293 5.3365602181    6
0.0814100193 0.1574967878 5.2916115247    6
0.0905110119 0.1739782116 4.8080876254    6
0.0905110119 0.1305012276 5.2861939967    6
0.0900065734 0.0772754145 4.7305744253    6
0.0996049787 0.1737555052 4.4799465747    6
0.1064933687 0.1985627178 4.1302203090    6
0.1064933687 0.1438751502 4.6420981768    6
0.1003892363 0.1013673643 4.6975964547    6
0.0990980479 0.1613428910 4.8327107263    6
0.1191134211 0.1854804731 4.7519218918    6
0.1191134211 0.1382098618 4.4035157047    6
0.1177230272 0.1022686405 5.4687244609    6
0.0874487435 0.1633826470 4.3942882550    6
0.0984705071 0.1780083871 4.7313622677    6
0.0984705071 0.1229998055 4.5594065833    6
0.0935611359 0.0854259943 5.2585988165    6
0.1038972892 0.1406890710 4.5027005923    6
0.1089244966 0.1586965533 5.2229774635    6
0.1089244966 0.1239032558 4.4391887806    6
0.1022575489 0.1066315674 5.3971910614    6
0.1014891659 0.1686468599 4.9944328059    6
0.1127551106 0.1813080296 4.5755857098    6
0.1127551106 0.1255303825 5.3695565359    6
0.1027446189 0.0924130863 4.7175473959    6
0.1000874989 0.1617947930 4.7876649723    6
0.1124337931 0.1742109553 4.6953859768    6
0.1131561829 0.1316265509 4.7611490007    6
0.1131561829 0.1089809692 5.0903240596    6
0.1010409621 0.1703820036 4.8065353455    6
0.1055902797 0.1826193029 4.3121506985    6
0.1055902797 0.1284337795 5.1080419574    6
0.0951985456 0.0927778699 4.5309053290    6
0.0997578808 0.1592082069 4.4300602556    6
0.1023687164 0.1818683058 4.3620017468    6
0.1023687164 0.1375278103 3.9942908106    6
0.0973082696 0.1027850624 4.9076632010    6
0.0960985289 0.1707949037 4.9033238291    6
0.1040087608 0.1917936592 4.1234392573    6
0.1040087608 0.1412637515 5.1204257152    6
0.1003142834 0.1044043578 4.0035475896    6
0.0865608799 0.1818731214 4.7641917011    6
0.0989604682 0.1924557313 4.3520008258    6
0.0989604682 0.1351998256 5.0715839632    6
0.0946816117 0.0935465617 5.3096267293    6
0.0755271291 0.1606228207 4.3909805256    6
0.0871130563 0.1625760321 5.1195887457    6
0.0871130563 0.1133795792 4.6472988652    6
0.0764710733 0.0844749908 6.0010021692    6
0.0950399969 0.1465810729 5.0081241122    6
0.1018948878 0.1753928153 4.6488128701    6
0.1018948878 0.1253764967 4.8561620486    6
0.0815414140 0.0850674765 4.7130301892    6
0.1078720406 0.1628681535 4.8923672614    6
0.1174853957 0.1823968993 4.7087670669    6
0.1174853957 0.1335884958 5.0949872166    6
0.1147238513 0.1133708617 4.4118744753    6
0.1132310129 0.1918374252 4.8219761865    6
0.1279962105 0.2000678265 4.5761270250    6
0.1279962105 0.1396791696 5.1185289229    6
0.1210835605 0.1081376565 5.3824820244    6
0.0960853428 0.1637031574 4.7443411360    6
0.1120582020 0.1828439357 4.9192118233    6
0.1151101610 0.1376796156 4.3238529111    6
0.1151101610 0.1012071486 6.3578630019    6
0.1027213822 0.1480467865 4.7407591635    6
0.1205667720 0.1647027919 4.6972213171    6
0.1205667720 0.1260955293 4.4944268610    6
0.1152423716 0.1067538236 4.4684638920    6
0.1121226640 0.1865972881 4.8976363442    6
0.1236940790 0.2012238727 4.2451172097    6
0.1236940790 0.1381445667 5.3988898885    6
0.2422004605 0.3549966026 1.9982157615    2
0.2422004605 0.3389459862 1.7988486701    2
0.2307123864 0.1900675870 5.7493534949    2
0.1950851810 0.2629043482 1.1815942050    2
0.2715972875 0.4264873369 1.5299485711    2
0.2715972875 0.3841574049 1.8827271215    2
0.2600924238 0.2075085735 2.6653800630    2
0.2250656113 0.3249493708 1.7506356309    2
0.2944432372 0.5227522580 1.5842862402    2
0.2944432372 0.4512026561 2.0027344810    2
0.2809768911 0.2488874465 4.2145392936    2
0.2537565716 0.2011303716 4.4340035034    2
0.2203363972 0.2027408200 3.3946697957    2
0.1143696399 0.1366063807 4.0701111281    2
0.1143696399 0.1073556452 4.6093722835    2
0.1706401460 0.2733632108 2.0679476457    2
0.2057286876 0.4257250493 1.5939902402    2
0.2057286876 0.3610480133 2.3008637827    2
0.2024331686 0.1933507396 4.2362005988    2
0.1868847820 0.1811446659 3.3339567754    2
0.1499632343 0.2205366755 2.9100520182    2
0.0617186247 0.1518085852 3.3199475852    2
0.0617186247 0.0781690310 6.0101392427    2
0.1554445496 0.1717429041 3.1285158753    2
0.1844313084 0.2973109950 3.1170600215    2
0.1861750529 0.2590758688 2.9421849807    2
0.1861750529 0.1434342075 5.4185033365    2
0.1707076363 0.2715677108 2.4493967198    2
0.2626810375 0.4486754575 2.5648867602    2
0.2638956264 0.3825497210 2.5075117099    2
0.2638956264 0.2123726795 2.5729267506    2
0.2261429050 0.2153973402 3.1257348309    2
0.1654522182 0.2542769044 3.0156626449    2
0.1316575325 0.1859216214 3.3407568603    2
0.1000667865 0.1148493012 4.6246334373    2
0.1555544966 0.2397757359 2.5488720151    2
0.2195532150 0.4179770395 2.3962240040    2
0.2195532150 0.3541077897 2.7036141378    2
0.2165912582 0.1680835324 3.7206832981    2
0.3035051326 0.3619157807 2.2208762019    2
0.3937163212 0.5912465691 2.2166543113    2
0.3937163212 0.5190813150 2.2726875780    2
0.3814234074 0.2942832543 4.3827659177    2
0.3197109337 0.2874344505 2.9353910907    2
0.2881246652 0.3429943684 2.4107191374    2
0.2713715084 0.2979850963 2.8837424125    2
0.2365628258 0.1807313041 4.4696559003    2
0.1976518751 0.1755112223 2.9738363729    2
0.1459220106 0.2183819134 3.0344149265    2
0.0765537066 0.1493398727 3.6010306341    2
0.0765537066 0.0960231987 4.9848221749    2
0.0998146964 0.1483608081 3.4626800683    2
0.1276517153 0.2294302806 3.1767331631    2
0.1276517153 0.1875825352 3.4795133836    2
0.1234430182 0.1200072798 4.6481590831    2
0.2398896665 0.3069592886 2.3786397107    2
0.3615463842 0.5256450332 1.9512014075    2
0.3615463842 0.4714146122 2.5539647718    2
0.3409089165 0.2695305004 3.9583626768    2
0.2921727158 0.3631330061 2.0411160596    2
0.3323488513 0.5518879177 1.6627309344    2
0.3323488513 0.4618175066 2.2165237868    2
0.3046487892 0.2476304727 2.5461622371    2
0.2530116306 0.2146912651 3.8601761627    2
0.1682271181 0.2406687363 3.4863118326    2
0.0522532310 0.1572025224 3.5946149453    2
0.0531451212 0.0963051493 3.2588681668    2
0.1743422391 0.2067881372 3.3207082990    2
0.1743422391 0.3258866023 3.2042151900    2
0.1439496340 0.2565003326 3.3557525651    2
0.1303796266 0.1176025041 3.7288160264    2
0.1293906816 0.1695441422 3.5628913098    2
0.1293906816 0.2525645011 3.0645121899    2
0.1194361619 0.1998149045 3.7925745387    2
0.1194361619 0.1004229141 3.9714206745    2
0.1614885132 0.3081962417 2.3923837013    2
0.2887227460 0.5156327210 2.2224875625    2
0.2887227460 0.4384031773 2.1757515836    2
0.2808483311 0.2247931824 3.8968862527    2
0.0348912760 0.0525283225 3.4908158813    3
0.0383722467 0.0537035842 4.4597201959    3
0.0383722467 0.0365207947 4.2630702466    1
0.0408675120 0.0773792913 2.8671818717    3
0.0980380553 0.1231732817 3.6216773508    3
0.0980380553 0.1120272850 3.2569229232    3
0.0910759425 0.0895035952 5.4846619738    1
0.0740326556 0.0785482507 3.7496384212    3
0.0618940926 0.0634512728 3.8768459490    3
0.0390588495 0.0446643083 4.6615782088    3
0.0390588495 0.0344446488 5.0106613059    1
0.0320746673 0.0435894326 3.8295660434    3
0.0291822697 0.0538591011 3.5808269312    3
0.0221218554 0.0512947992 3.1785286696    3
0.0184351540 0.0375955119 4.9753133864    1
0.0325406678 0.0533509057 3.3934741360    3
0.0555171768 0.0846045022 4.4068157614    3
0.0555171768 0.0810923869 2.9313543780    3
0.0480023238 0.0423330037 5.8740760845    1
0.0380632885 0.0769419421 3.0201937897    3
0.0911994627 0.1299088015 3.6655256493    3
0.0911994627 0.1163045997 3.4182632975    3
0.0813005445 0.0634165845 7.3980418298    1
0.0660962039 0.0584929449 5.5903425009    3
0.0367508372 0.0607636066 4.5691317652    3
0.0256163286 0.0467746057 5.1953959100    3
0.0364739753 0.0378564904 4.2506742271    1
0.0364739753 0.0653115017 3.5191726865    3
0.0634764433 0.0999865553 3.1014406339    3
0.0634764433 0.0863736273 3.4625408527    3
0.0458522691 0.0399751037 5.0665600292    1
0.0426012892 0.0558004154 3.0387089252    3
0.0695787528 0.0950898477 3.0751140027    3
0.0695787528 0.0877980800 2.8728723219    3
0.0649366148 0.0462054189 4.7651618873    1
0.0335285676 0.0745440149 2.8142621409    3
0.0784968281 0.1178223822 3.3134883930    3
0.0784968281 0.1064042317 3.0246283107    3
0.0607837385 0.0514747241 5.1684807784    1
0.0413252623 0.0455319889 4.5043769731    3
0.0366421416 0.0533391011 4.0026585697    3
0.0366421416 0.0553532846 4.5161494714    3
0.0253831455 0.0402210850 4.5361264459    1
0.0674548665 0.0894060448 2.7531393161    3
0.1239302258 0.1667657925 3.8440568760    3
0.1239302258 0.1520599836 3.9838888342    3
0.1009962722 0.0784876938 7.5014513385    1
0.0806482554 0.0782435510 5.6489785506    3
0.0687768943 0.0892786088 4.0132024056    3
0.0687768943 0.0812686316 4.8597505084    3
0.0614797539 0.0537370044 5.8807099949    1
0.0548391156 0.0663565562 3.6840120553    3
0.0528957652 0.1036608738 4.6804293626    3
0.0528957652 0.0917229195 3.3915042399    3
0.0485138154 0.0564190670 7.2901636587    1
0.0429226114 0.0884354221 3.0166208077    3
0.0911189039 0.1469951382 2.7574272554    3
0.0911189039 0.1243171691 3.1909072600    3
0.0670426477 0.0656136849 4.3665505306    1
0.0620813405 0.0932362083 3.3784266622    3
0.1251516691 0.1561678119 3.2863329519    3
0.1251516691 0.1510747565 2.9385914003    3
0.1158119981 0.0891877512 4.7649766367    1
0.0839883109 0.0798446287 4.1500524249    3
0.0670416858 0.0937033713 3.7831105383    3
0.0670416858 0.0753046823 4.3758012201    3
0.0572555381 0.0432914902 6.0412468312    1
0.0257552255 0.0371121657 4.2432950312    3
0.0379497679 0.0620841934 4.1199418546    3
0.0379497679 0.0572303711 5.7455286528    3
0.0254470202 0.0409861827 4.7227121539    1
0.0226952539 0.0393264735 5.8382844497    3
0.0113452312 0.0442529308 5.2862414554    3
0.0068694252 0.0402637690 3.5247897778    3
0.0060591933 0.0344339779 6.6417187360    1
0.0374940665 0.0541478974 3.2628189200    3
0.0565590024 0.0867400691 4.7552848340    3
0.0565590024 0.0774460296 5.5668652749    3
0.0486352224 0.0629328949 5.5962039491    1
0.0217125378 0.1968941026 8.1924206090    4
0.0217125378 0.1860080801 11.2737948087    4
0.0216192796 0.1774064752 7.7583585205    4
0.0194061455 0.3962752025 6.4882071517    4
0.0194061455 0.5045274616 7.3408058643    4
0.0158088517 0.5239628412 5.8064896986    4
0.0179996277 0.4219553356 8.0399519466    4
0.0179996277 0.4559201951 5.7839556714    4
0.0173629078 0.5629006895 7.4746605882    4
0.0181228789 0.5496712220 5.9028651624    4
0.0187790204 0.4384631023 8.2835939919    4
0.0212083386 0.2374946954 10.4484687901    4
0.0212083386 0.4856319691 7.7665321712    4
0.0206995544 0.4845267094 9.6270723391    4
0.0174719748 0.2369228012 7.7596582745    4
0.0147174067 0.2049571984 8.2070705625    4
0.0179365921 0.2853839803 4.5987081054    4
0.0225012113 0.2856181661 7.2336148268    4
0.0225012113 0.2031921624 4.6075607350    4
0.0131985159 0.2843946565 9.7039720124    4
0.0146160725 0.5510020898 7.6780314095    4
0.0146160725 0.5646557146 9.0987158114    4
0.0116516289 0.3173244258 8.0525401071    4
0.0101269905 0.1556679318 10.2906252234    4
0.0101269905 0.1962470107 8.2190302822    4
0.0122253116 0.1952177898 10.0318022013    4
0.0122948007 0.1371871065 7.9006758415    4
0.0233357091 0.2561296374 6.9185473011    4
0.0303409381 0.5044221882 6.8920824191    4
0.0303409381 0.4956051061 8.1347106025    4
0.0268307731 0.2406117995 7.1405324548    4
0.0178404347 0.4841572462 7.0102089904    4
0.0274845784 1.0201059216 6.8613029927    4
0.0361276226 1.0185648626 5.8811899593    4
0.0361276226 0.4846524836 8.3432142004    4
0.0297816505 0.2851801796 9.9026104605    4
0.0256276795 0.6005148086 7.9017916322    4
0.0256276795 0.6105347157 9.3347495667    4
0.0287184841 0.3070107371 8.1130715619    4
0.0395177767 0.2813671547 8.9683741429    4
0.0414193057 0.3804598496 5.7974507647    4
0.0414193057 0.4091956432 7.9921914329    4
0.0328921918 0.3224638767 5.7373701802    4
0.0308074488 0.1862149101 7.9444507214    4
0.0308074488 0.2185774783 7.0104131320    4
0.0146209058 0.2274183928 7.2409679009    4
0.0146209058 0.1824870904 6.8522957946    4
0.0138144692 0.3182114465 6.8278954710    4
0.0268177049 0.3400427004 6.5699447807    4
0.0268177049 0.3259761161 8.2893908824    4
0.0200386941 0.3075828582 6.6509022926    4
0.0183351897 0.3661167452 7.5290833443    4
0.0271339187 0.6758478165 7.1391729535    4
0.0271339187 0.6906338152 5.5454345845    4
0.0261857186 0.3892828240 8.0541610158    4
0.0225067953 0.3536615799 8.6330016244    4
0.0356350497 0.6918030828 9.5046369402    4
0.0356350497 0.7006431511 7.8452803674    4
0.0337885503 0.3735626591 10.4528984578    4
0.0302288868 0.3905886836 7.5151367648    4
0.0276862206 0.6307518767 8.3470766848    4
0.0276862206 0.6491604828 6.5055440422    4
0.0361086791 0.4279507283 9.0273469968    4
0.0385930345 0.1906690931 9.0152817029    4
0.0447918524 0.1924958361 13.3516095104    4
0.0447918524 0.2101134748 8.2953793462    4
0.0323560558 0.1971066758 12.1087506548    4
0.0296124735 0.4495422997 8.5079929824    4
0.0264134790 0.6068685864 7.9061478959    4
0.0299351213 0.6139860630 7.9802457453    4
0.0299351213 0.4750675547 8.0256529425    4
0.0252023654 0.1792686696 8.6291504727    4
0.0227168640 0.1716987892 13.7578995446    4
0.0262103597 0.1839864022 6.8942967838    4
0.0407031399 0.1474072670 11.3894907967    4
0.0407031399 0.1749979664 6.3293767038    4
0.0355045245 0.2758983150 10.6624396696    4
0.0190802641 0.2858268302 6.2778483026    4
0.0140829228 0.1971145807 9.9315271485    4
0.0402594332 0.1024592174 5.7007571467    5
0.0405331978 0.0633721850 4.7818876695    5
0.0405331978 0.0498811304 5.9171763518    1
0.0322875022 0.0488757016 4.7421281599    5
0.0290145926 0.0430589375 5.1745883653    5
0.0280111457 0.0403070890 6.0623306816    5
0.0372017280 0.0529819503 4.0556888293    1
0.0372017280 0.0438857456 5.3180407623    5
0.0266176431 0.0326429244 5.6422181495    5
0.0195589000 0.0316759232 5.2581924609    5
0.0326099353 0.0332788548 4.1049808885    1
0.0398374521 0.0503353833 5.2999692629    5
0.0423664712 0.0540138299 4.9744573238    5
0.0445106293 0.0537688327 5.8560167205    5
0.0445106293 0.0413742231 5.5412020808    1
0.0346902131 0.0493127586 5.6919482557    5
0.0284362814 0.0478819177 4.8319023561    5
0.0284362814 0.0354286748 5.3690674545    5
0.0235888488 0.0383900744 4.4131979824    1
0.0228708437 0.0494061245 4.0029810680    5
0.0241613853 0.0463479019 3.7089078211    5
0.0241613853 0.0463648091 4.5410667932    5
0.0230547203 0.0320635802 5.9742936504    1
0.0137188660 0.0371031090 7.1456234798    5
0.0234438761 0.0613814734 5.6691208519    5
0.0234438761 0.0511435345 7.0203020139    5
0.0196252036 0.0403906852 4.7505132384    1
0.0186961765 0.0358392572 6.2100062978    5
0.0173229892 0.0347264454 4.4030597057    5
0.0118079562 0.0293975324 5.9409854369    5
0.0163818187 0.0348630446 3.7381511146    1
0.0270887762 0.0499250100 5.8516968060    5
0.0355275519 0.0520291435 5.1701909390    5
0.0463300873 0.0623969910 6.1235082875    5
0.0464375701 0.0533733258 4.8424313893    1
0.0464375701 0.0546760069 4.8412222444    5
0.0280826614 0.0442658488 6.0270194201    5
0.0251145864 0.0357373249 5.1997325352    5
0.0214145249 0.0297652273 6.6077052597    1
0.0273996706 0.0427613096 4.6337183312    5
0.0278399739 0.0517342786 4.1719750313    5
0.0316560751 0.0400759335 4.1830485470    5
0.0329665694 0.0394400310 4.9314532542    1
0.0487215827 0.0595137122 4.1480830585    5
0.0487215827 0.0591076083 5.5289294262    5
0.0427781488 0.0418115595 4.2916110274    5
0.0367430811 0.0344373626 6.0200253580    1
0.0290173156 0.0428438404 4.4018089596    5
0.0242294843 0.0479654051 5.0429685171    5
0.0269493987 0.0505345813 4.2640691406    5
0.0269493987 0.0441645280 5.2789270813    1
0.0247988208 0.0439383240 4.8059617233    5
0.0247988208 0.0493774676 5.2505079578    5
0.0134223071 0.0408503873 5.1723108771    5
0.0134223071 0.0410480520 5.8687200836    1
0.0171909806 0.0404904801 5.5487647982    5
0.0171909806 0.0367855579 6.4360219605    5
0.0132500434 0.0436154471 5.6758704785    5
0.0152559386 0.0355333500 6.7214565471    1
0.0184307391 0.0290021248 5.0388806327    5
0.0214876489 0.0359424320 4.4866853440    5
0.0214876489 0.0375867970 6.7786954360    5
0.0236869708 0.0420228129 4.2178964989    1
0.0236869708 0.0488331494 5.8680817350    5
0.0248394173 0.0435894028 6.3504737840    5
0.0335808630 0.0398181611 5.7036914340    5
0.0335808630 0.0376887243 5.9238390777    1
0.0214397321 0.0504762688 5.4518324526    5
0.0158590419 0.0371078807 4.6635214593    5
0.0158590419 0.0327201238 4.6581906235    5
0.0168453992 0.0395187244 4.8155833238    1
0.0168453992 0.0412687599 3.9088272767    5
0.0194918599 0.0403372432 5.0884354077    5
0.0260224766 0.0333647310 4.3803537925    5
0.0260224766 0.0410485139 5.9223742241    1
0.0414549565 0.0476901546 4.1752948045    5
0.0489080891 0.0551116571 3.4641355139    5
0.0489080891 0.0589436493 4.3901598605    5
0.0465158392 0.0581242932 3.1937311820    1
0.0830953269 0.1396336346 4.3298747701    6
0.0998245394 0.1384586023 5.2035751984    6
0.0998245394 0.1221786353 4.7666629496    6
0.0865917907 0.0911774575 8.9849608745    6
0.0621649224 0.1062408448 4.4410748407    6
0.0915343606 0.1157799010 7.3044600416    6
0.1027861344 0.1064753841 5.3522503919    6
0.1027861344 0.0996631535 8.2531756183    6
0.0814056570 0.1247312040 4.6909129306    6
0.0818446933 0.1330684354 6.8942697759    6
0.0818446933 0.0979302753 4.7302821774    6
0.0776204889 0.0804234284 8.7761731596    6
0.0697830048 0.1105670873 4.3509794432    6
0.0641695556 0.1301769710 7.6772465050    6
0.0831755994 0.1149046214 4.8133347208    6
0.0831755994 0.1003548869 9.1135220225    6
0.0795340979 0.1173328189 4.3910563076    6
0.0676761542 0.1134016315 8.3506100108    6
0.0702482276 0.0819941096 4.2519484247    6
0.0702482276 0.0781638017 7.6494227285    6
0.0628479853 0.0964901274 4.6303119193    6
0.0713753733 0.1045355835 7.7007755488    6
0.0738862715 0.0896270016 4.5314461312    6
0.0738862715 0.0793808854 8.4490966294    6
0.0672856639 0.1049060905 4.1183721575    6
0.0750009896 0.1188802300 7.3738924330    6
0.0750009896 0.0959612369 4.7416359482    6
0.0755377795 0.0784250312 9.3087796170    6
0.0755377795 0.1001367160 4.7545243880    6
0.0455985086 0.0975123935 8.3793398703    6
0.0574632318 0.0805108761 4.5728293072    6
0.0574632318 0.0895232138 9.2264827972    6
0.0556793755 0.1153830896 4.2530086436    6
0.0802927012 0.1262113229 8.2054988427    6
0.0859684006 0.0991050842 5.4438958078    6
0.0859684006 0.0746266289 8.5127790756    6
0.0680772494 0.0924514298 4.8154344037    6
0.0933642447 0.1188931053 6.5701110740    6
0.0988824312 0.1035518244 4.5710139938    6
0.0988824312 0.0796719940 8.5046448937    6
0.0904615394 0.1039748856 4.1882835877    6
0.0546265565 0.1128936033 7.3092037354    6
0.0546265565 0.0862371152 4.2656747217    6
0.0489664876 0.0682868998 7.9033101962    6
0.0578085983 0.0902555455 4.5822394133    6
0.0870065811 0.1099505999 6.7932418074    6
0.0885948423 0.1052933383 4.8224795672    6
0.0885948423 0.0931959517 7.4378748544    6
0.0764417159 0.1090382251 4.4750430472    6
0.0674082598 0.1083074951 6.5681271057    6
0.0675493847 0.0801540900 4.8930325131    6
0.0675493847 0.0683962856 7.9239231392    6
0.0730025412 0.1059115438 4.5858614921    6
0.1019000412 0.1204594464 7.4687871781    6
0.1115277622 0.1115503990 5.5654104589    6
0.1115277622 0.1045424127 8.3493771858    6
0.0935289144 0.1100833452 4.5949481609    6
0.0749640553 0.1190619225 7.4562781678    6
0.0749640553 0.1032796745 4.1576924141    6
0.0757398995 0.0942777230 7.7377212602    6
0.0757398995 0.1193727076 4.1374758706    6
0.0347801248 0.1032939612 7.1636694428    6
0.0370794817 0.0753751348 5.0061965887    6
0.0370794817 0.0844304334 8.2233611220    6
0.0789418848 0.1279408686 4.7622457353    6
0.1114287381 0.1507343700 6.9832458270    6
0.1114287381 0.1247437774 5.0980978183    6
0.1083349761 0.1009328428 7.5313044295    6
0.0840061210 0.1031726148 4.8747323313    6
0.0805370767 0.1099574548 7.3826123345    6
0.0838032286 0.0936204808 5.0046452524    6
0.0838032286 0.0754679800 7.5999803582    6
0.0693223963 0.0908704575 5.0157581109    6
0.0763617759 0.1219036762 6.8175880392    6
0.0763617759 0.1073904586 4.2406434135    6
0.0739642359 0.0726980098 8.4009365908    6
0.0615920125 0.1012648289 4.3930611533    6
0.0831896235 0.1155755434 7.1888486726    6
0.0831896235 0.1023206168 5.4045477800    6
0.1600738942 0.3523829756 1.5879079279    2
0.1306694083 0.2735218602 2.4394846664    2
0.1306694083 0.1650554167 3.2753300848    2
0.2285753489 0.2804635649 3.3035124333    2
0.2285753489 0.3553403730 3.3731997540    2
0.1580690294 0.3005454334 3.2136566635    2
0.1580690294 0.1798499568 8.6756705271    2
0.1716985545 0.2307427209 2.9989940196    2
0.1716985545 0.2996910096 3.0104270545    2
0.1578597689 0.2561846073 3.2512849011    2
0.1578597689 0.1798868977 4.9320074331    2
0.1502200216 0.2332251754 3.2749133986    2
0.1482570973 0.2871421795 2.8037657046    2
0.1443965998 0.2458501501 3.2427294584    2
0.1443965998 0.1557237974 4.3871384003    2
0.1458987732 0.2475903306 3.2262267222    2
0.1766313709 0.3259427516 2.4839491696    2
0.1910015324 0.2913925743 3.6859333534    2
0.1910015324 0.1982185688 5.5588562773    2
0.2612637593 0.4532213622 2.1267122298    2
0.2858456162 0.6426063390 2.3191738284    2
0.3064362235 0.5373246989 2.3076146825    2
0.3064362235 0.3231327536 6.8056396169    2
0.2802212087 0.4167399082 3.5291300215    2
0.2797425695 0.5252465953 3.1938281463    2
0.2705094722 0.4503646036 3.5174372384    2
0.2705094722 0.2625817221 6.8222002197    2
0.3004719370 0.3507561847 3.0506517841    2
0.3004719370 0.4388457867 2.9227892729    2
0.2319771482 0.3608599159 3.1714775077    2
0.2319771482 0.2248450536 5.6562344610    2
0.2049635116 0.3907303059 3.2301826744    2
0.2476704456 0.5459217359 2.1406691159    2
0.2599158797 0.4728998325 3.4834457271    2
0.2599158797 0.2823139172 6.1350651060    2
0.2598504232 0.3389858931 3.4942890962    2
0.2598504232 0.4077807678 3.5735796843    2
0.1756614188 0.3252375047 3.4245269636    2
0.1756614188 0.1710013114 7.1422573748    2
0.2589337400 0.3265141792 3.7404432098    2
0.2589337400 0.4004511115 3.6791880890    2
0.1131902796 0.3008785587 3.7668795857    2
0.1131902796 0.1213197802 6.7568193623    2
0.1775220764 0.2670245713 3.2300391151    2
0.1820627775 0.3651547648 2.3894558227    2
0.1958436110 0.3281988299 3.5564733025    2
0.1958436110 0.1960386977 5.8481298301    2
0.1728008693 0.2409297371 2.7265811120    2
0.1756004684 0.3109982320 3.0823519204    2
0.1837073435 0.2831635308 2.2391178669    2
0.1837073435 0.1782680013 6.8769564656    2
0.2211586152 0.3687518877 2.5963346284    2
0.2348888051 0.5177493087 2.4259573703    2
0.2613866582 0.4465191973 2.6981237744    2
0.2613866582 0.2714694717 7.0188508817    2
0.3251775461 0.4197483374 3.1539380283    2
0.3251775461 0.5482987489 2.9430744790    2
0.2572854460 0.4559036594 3.2987677109    2
0.2572854460 0.2702834760 6.2743834754    2
0.2790006867 0.3631927284 2.8962862136    2
0.2790006867 0.4425362072 2.3879499102    2
0.2567478568 0.3771125029 2.9670392723    2
0.2567478568 0.2713784139 4.6172746322    2
0.2265262748 0.2855461244 3.7805880375    2
0.2179219713 0.2958917959 3.4864679938    2
0.1811802720 0.2526603425 3.8407307589    2
0.1811802720 0.1792353861 6.3337998169    2
0.1632474793 0.2659325947 3.0332103634    2
0.1384154753 0.3543676289 2.7621409704    2
0.1619709490 0.2792115319 3.3774270330    2
0.1619709490 0.1477578685 6.2785792549    2
0.2998934850 0.4195654552 2.3438529247    2
0.2998934850 0.6091503857 1.6178351251    2
0.3112417000 0.5089801706 2.5498304722    2
0.3112417000 0.3206027548 4.0358932295    2
0.3441964126 0.4385833138 2.7531846634    2
0.3453299064 0.5701912914 2.2407261826    2
0.3502896771 0.5219506366 2.7569399574    2
0.3502896771 0.3508967405 6.6844644328    2
0.0914733085 0.2222576112 2.4567494738    3
0.0914733085 0.1287869059 3.1917735330    3
0.0628114896 0.0923964460 4.7931121260    1
0.0584934334 0.0856352252 4.5424635556    3
0.0853876957 0.1056577403 2.9416380693    3
0.0853876957 0.0921209490 4.9871368600    3
0.0586784470 0.0693522659 4.1373358268    1
0.0623274230 0.1021332803 3.3179830050    3
0.0883614054 0.1228905162 3.6223567734    3
0.0883614054 0.1021012233 3.2797323251    3
0.0729994053 0.0773085424 5.9679779694    1
0.0607345494 0.0710898966 3.6703435866    3
0.0699483168 0.0770390759 3.9947436506    3
0.0699483168 0.0788532001 3.9020896230    3
0.0603823332 0.0562115044 4.8985018940    1
0.0499659106 0.0700903724 2.7766346828    3
0.0638004210 0.1008154099 2.8886972354    3
0.0638004210 0.0974475013 3.8538292310    3
0.0545669515 0.0626248019 4.0886333796    1
0.0578159846 0.0704947339 4.3897040133    3
0.0848640522 0.1038503983 3.0986413590    3
0.0848640522 0.0971594526 4.4593409985    3
0.0677009304 0.0681182559 4.2732118514    1
0.0503758578 0.0880459629 3.2822260555    3
0.0767457999 0.1082257697 2.9702729816    3
0.0767457999 0.0979100916 3.8108507349    3
0.0617138185 0.0813991835 5.3226917668    1
0.0732838049 0.0896886266 3.8498737897    3
0.0911891227 0.1163176923 3.3044756877    3
0.0911891227 0.1090800241 4.0071972866    3
0.0726844470 0.0767526624 4.2053075115    1
0.0572539003 0.0761507062 4.9776208023    3
0.0649684822 0.0926832961 4.0336848710    3
0.0649684822 0.0975190044 3.2977912839    3
0.0603773642 0.0783790851 5.3630244767    1
0.0531367336 0.0722558899 2.7917305705    3
0.0597330421 0.0782788414 3.0690180568    3
0.0597330421 0.0714170092 3.5004429580    3
0.0489716328 0.0452974249 4.3251433825    1
0.0420323932 0.0559568556 3.7081585354    3
0.0414166459 0.0800185346 6.5298892832    3
0.0473525480 0.0834431747 4.0490043380    3
0.0473525480 0.0651003219 7.1604980114    1
0.0931921958 0.1138824429 2.6418396242    3
0.1172623145 0.1617739870 2.8707132057    3
0.1172623145 0.1390268459 2.5503570647    3
0.0918067790 0.1026993540 4.4837792291    1
0.0708031331 0.1134889126 2.5553308840    3
0.0899600682 0.1268207389 3.0271926055    3
0.0899600682 0.1169013010 2.7068457539    3
0.0820045491 0.0885700544 3.9692828663    1
0.0850021602 0.1130551826 3.3106951903    3
0.1266287893 0.1557931843 3.5945937196    3
0.1266287893 0.1562405561 3.2348563805    3
0.1060541943 0.1143382174 6.7560336852    1
0.0867319504 0.0945807921 3.2396796436    3
0.0756926211 0.0936350488 4.5495134805    3
0.0756926211 0.0941791313 3.1107289168    3
0.0605152592 0.0786248384 6.5903039002    1
0.0533084674 0.0791105823 2.7514084760    3
0.0740396816 0.1193586508 2.4514785229    3
0.0740396816 0.1127502304 3.4334193245    3
0.0698407447 0.0801591588 3.7032689725    1
0.0728114045 0.1257372876 2.8003508892    3
0.1040505137 0.1706664582 2.5667254652    3
0.1040505137 0.1502853456 2.9342565269    3
0.0806681572 0.0962086608 2.9877897437    1
0.0682297967 0.1054404811 3.2020783478    3
0.0973302436 0.1343383591 2.6819031730    3
0.0973302436 0.1180702772 2.8912729947    3
0.0730662536 0.0834695325 4.4925454957    1
0.0833612586 0.1197843328 2.9459306905    3
0.1207373677 0.1595681779 2.9719778554    3
0.1207373677 0.1528817961 2.9210727760    3
0.1030274462 0.1152536493 5.4863291042    1
0.0861014483 0.1150579299 2.9923627098    3
0.1153165264 0.1398874504 2.7181416224    3
0.1153165264 0.1348311480 4.0419485054    3
0.0916674052 0.1218553010 4.6339583021    1
0.0141964396 0.1581662860 6.4811334104    4
0.0141964396 0.1095608571 9.1024527548    4
0.0116871463 0.0930107046 8.3661835618    4
0.0074445726 0.2190622694 7.6263425223    4
0.0086613601 0.3596632147 5.3224594343    4
0.0099923689 0.3704960035 7.0248078419    4
0.0099923689 0.2418556187 5.7068054783    4
0.0074116128 0.3177064565 9.0587725424    4
0.0102495287 0.5661503598 7.6841616066    4
0.0192821799 0.5698705538 8.8866389328    4
0.0193212495 0.3272380530 7.2816594583    4
0.0193212495 0.2784286300 9.8424095697    4
0.0152034028 0.5088062089 7.6982882347    4
0.0182162257 0.5001984819 9.1869194411    4
0.0182162257 0.2658678420 8.0923944660    4
0.0201989943 0.3928661304 7.4563245602    4
0.0201989943 0.7511760129 5.4476461454    4
0.0152199065 0.7235618202 7.4587614234    4
0.0152199065 0.3421011702 6.2621747040    4
0.0145391704 0.2396062967 11.7508865320    4
0.0189991886 0.4081938721 7.4846653419    4
0.0189991886 0.4008973565 9.1629875332    4
0.0118329813 0.2135380322 7.8147579142    4
0.0102504000 0.3141315637 8.4040266401    4
0.0163935701 0.5040371226 5.4328982111    4
0.0163935701 0.5036079093 7.7669760188    4
0.0128326082 0.3236003506 6.1123814121    4
0.0118843685 0.4443577471 7.6691200449    4
0.0145727879 0.7878522170 7.8946068239    4
0.0212299366 0.8178345957 6.9349418776    4
0.0212299366 0.5015346160 9.7701160735    4
0.0066484302 0.3643708638 9.5474417354    4
0.0188582378 0.6421859085 9.7223406831    4
0.0302860476 0.6442667728 8.3373765447    4
0.0302860476 0.3729005914 9.7862539942    4
0.0283404333 0.2488217368 8.0430307425    4
0.0303694572 0.3183403897 10.8691796749    4
0.0303694572 0.3385570332 7.4461843038    4
0.0184382731 0.2900746171 9.2518726058    4
0.0149712438 0.3311274711 6.1200333039    4
0.0157243076 0.5732022130 11.0602723792    4
0.0168679399 0.6076005630 5.9604604960    4
0.0184481202 0.4129167498 11.3762998293    4
0.0184481202 0.5540063393 6.6634692606    4
0.0205803460 0.9225848610 9.5440082397    4
0.0255646258 0.9412028862 6.1967601697    4
0.0255646258 0.6101488415 9.4764412664    4
0.0208480633 0.5755917345 7.0947038203    4
0.0163644667 0.8430517873 11.6577563535    4
0.0231393272 0.9469556623 6.7330613022    4
0.0231393272 0.7703539066 10.7931372939    4
0.0180486378 0.6894952742 6.4115910365    4
0.0309782390 1.1703023564 10.4083141004    4
0.0309782390 1.2451242802 5.6195452521    4
0.0200166065 0.8788119012 9.8903744364    4
0.0200166065 0.6654903268 6.3476077798    4
0.0207673219 0.4691716872 6.7306490598    4
0.0254065017 0.4785354466 7.0537342870    4
0.0254065017 0.4477899140 6.2040982599    4
0.0132117628 0.3073172258 6.9140248021    4
0.0148407839 0.5953853297 8.9971159658    4
0.0186905395 0.6125938471 6.0875984282    4
0.0204053922 0.3430547637 10.7896591022    4
0.0205150959 0.5058924938 7.2403159559    4
0.0205150959 0.7336787367 9.8698805721    4
0.0195856807 0.7690718335 5.7742099659    4
0.0204970652 0.5666033080 9.6255451056    4
0.0204970652 0.3489551070 6.6792898133    4
0.0169928303 0.6347120206 9.6796829536    4
0.0144176934 0.6694013677 6.7400872941    4
0.0173170553 0.4260338711 9.1460024362    4
0.0173170553 0.4301143154 6.8212757135    4
0.0185572060 0.6592576257 10.8321027848    4
0.0185572060 0.6825504514 5.9468127717    4
0.0170222551 0.5112053171 10.2399427303    4
0.0170222551 0.3531659894 6.3951261805    4
0.0105612499 0.2273795669 16.4585221146    4
0.0227565965 0.3914528439 6.8989372139    4
0.0305115015 0.4905979047 11.8883458529    4
0.0160719097 0.0706602122 3.1997195764    5
0.0210763723 0.0790692809 5.7750877569    5
0.0210763723 0.0463875344 4.6749500920    1
0.0272271956 0.0515357287 6.3020098742    5
0.0305975882 0.0677559640 5.5133651460    5
0.0305975882 0.0604453936 6.3273139716    5
0.0264039945 0.0483113713 4.7736028470    1
0.0232033655 0.0479833385 5.8393089121    5
0.0232033655 0.0388661850 6.8019650834    5
0.0230519781 0.0352907608 5.6341787232    5
0.0167420364 0.0377476272 6.4112101050    1
0.0193018227 0.0416288109 6.3942094580    5
0.0270440542 0.0520876876 6.2227859182    5
0.0314983556 0.0550927742 4.2826132228    5
0.0314983556 0.0449931731 4.2833312691    1
0.0261241687 0.0568245333 4.7096437361    5
0.0303751462 0.0671157465 3.9159924826    5
0.0303751462 0.0582427979 5.7941612195    5
0.0285733664 0.0528180220 3.6836035197    1
0.0285733664 0.0438584135 4.1876542703    5
0.0181296089 0.0390481767 3.6929917295    5
0.0102788216 0.0356532103 4.4660910225    5
0.0104396841 0.0438764457 4.7708689994    1
0.0235786475 0.0353694996 4.0846825809    5
0.0296760570 0.0439983000 5.4615713241    5
0.0296760570 0.0451642910 4.7066323604    5
0.0271458260 0.0395392110 5.3783984035    1
0.0257236191 0.0451403011 4.0649165458    5
0.0308336250 0.0516196570 6.8749204946    5
0.0308336250 0.0587955182 3.6763098004    5
0.0294263210 0.0534958042 6.7864015252    1
0.0347594835 0.0451599421 5.2870029881    5
0.0349779548 0.0493871087 6.2055808164    5
0.0349779548 0.0528480421 5.2279142872    5
0.0324256653 0.0471699413 5.9324932527    1
0.0447500899 0.0552909234 4.4315027722    5
0.0484231904 0.0574310972 6.2619575720    5
0.0484231904 0.0493065040 3.9886988466    5
0.0483990197 0.0477622998 3.9452845171    1
0.0388726670 0.0434940771 4.0132567388    5
0.0294658140 0.0412511909 5.9385044601    5
0.0294658140 0.0549380863 3.7932205299    5
0.0278682657 0.0589726139 4.2874254993    1
0.0278682657 0.0620068909 4.6829798846    5
0.0409193586 0.0408030154 6.0323283695    5
0.0409193586 0.0535312564 4.0580724081    5
0.0373000353 0.0479978172 7.4090292668    1
0.0298409529 0.0327731912 6.6974886023    5
0.0300625572 0.0342208052 5.6216075062    5
0.0300625572 0.0432975821 7.1350852785    5
0.0276618097 0.0433140031 4.8075856032    1
0.0247491172 0.0382443656 4.3613068339    5
0.0288531315 0.0362404021 4.5262642956    5
0.0288531315 0.0400928981 4.1738982885    5
0.0253442658 0.0318876211 3.8847158979    1
0.0155901650 0.0409441285 3.7632910244    5
0.0270579343 0.0424687866 3.7968459801    5
0.0332966957 0.0516183378 4.0013874454    5
0.0332966957 0.0437577721 3.2914423731    1
0.0211761148 0.0499610801 2.9583796760    5
0.0221664275 0.0401355309 6.0902337818    5
0.0241335310 0.0395377674 4.4929041750    5
0.0241335310 0.0435944399 6.5422443082    1
0.0201769710 0.0506950714 6.0562924553    5
0.0259590912 0.0526026207 3.7724538948    5
0.0259590912 0.0472405533 6.9251586807    5
0.0168131505 0.0394978703 6.4068677696    1
0.0134007516 0.0357539031 5.4834620130    5
0.0129470146 0.0551253699 4.8098989104    5
0.0129470146 0.0573726033 4.7780090780    5
0.0155572652 0.0359972023 4.5595553517    1
0.0214573255 0.0516867792 6.0022972679    5
0.0214573255 0.0406288831 5.1199490223    5
0.0155680754 0.0433197185 4.3851878181    5
0.0108006986 0.0324003325 5.7312736211    1
0.0114320132 0.0307519223 5.5607005835    5
0.0212281180 0.0304749757 6.1682573260    5
0.0240702391 0.0360322585 4.3840275732    5
0.0308365489 0.0579227331 4.4040519679    1
0.0267553187 0.1720619491 5.4681267733    6
0.0267553187 0.1759186820 6.0210149448    6
0.0178351475 0.1250105578 6.1575681503    6
0.0127351023 0.0848362083 6.7334366767    6
0.0387526805 0.1368406424 5.5505971780    6
0.0387526805 0.1428334212 5.5661716653    6
0.0236827683 0.0989561202 5.9040418224    6
0.0226551643 0.0753047292 6.1451707000    6
0.0429053950 0.1296379351 4.9413117324    6
0.0429053950 0.1428925567 4.8422710314    6
0.0173391235 0.0998359320 5.4472836264    6
0.0202937270 0.0822477255 6.4641750574    6
0.0405877923 0.1360811273 5.4809079957    6
0.0405877923 0.1590021240 4.7867142216    6
0.0259217469 0.1280405532 5.6262557253    6
0.0319142338 0.0900857852 6.7795561942    6
0.0522058403 0.1236805436 5.2936453351    6
0.0522058403 0.1489863827 5.1901697746    6
0.0227702204 0.1069889541 5.7648571828    6
0.0227702204 0.0932570541 6.6216452495    6
0.0419123324 0.1437883573 6.1006723456    6
0.0419123324 0.1579621535 5.4445666836    6
0.0129384095 0.1245267026 6.5581134453    6
0.0172842514 0.1049459264 6.4097267280    6
0.0457447513 0.1397520078 5.5534427118    6
0.0457447513 0.1524921411 5.5548434300    6
0.0248603573 0.1193567208 5.7289136997    6
0.0249325725 0.0787745547 6.0447861468    6
0.0460078275 0.1329076372 4.7446350736    6
0.0460078275 0.1468112011 4.3975241252    6
0.0376730475 0.0980609548 5.4220063637    6
0.0376730475 0.1068995525 6.3830175841    6
0.0256048390 0.1504071260 5.6692654967    6
0.0327132912 0.1452851884 5.2585885447    6
0.0327132912 0.0975376268 6.3450954392    6
0.0255786490 0.0827885455 6.5922168683    6
0.0437683823 0.1418660167 4.5449585375    6
0.0437683823 0.1565595516 4.4967777648    6
0.0229979534 0.1088848045 5.2750451520    6
0.0349667025 0.0884218480 6.7042449432    6
0.0411347620 0.1359780585 5.0811320296    6
0.0411347620 0.1373831229 5.7633760726    6
0.0251022307 0.0885513490 5.4468174257    6
0.0164316639 0.0955333877 5.9374847587    6
0.0355796034 0.1442815496 4.9872219989    6
0.0355796034 0.1490456319 4.9421318575    6
0.0202076819 0.1019750603 5.5316503822    6
0.0144897113 0.0874253382 6.2493476793    6
0.0332789931 0.1419477119 5.3027099087    6
0.0332789931 0.1503692150 4.9100354523    6
0.0218934120 0.1099311229 5.9166946324    6
0.0218361950 0.0868843590 7.1582328561    6
0.0359656657 0.1247196782 5.4531103808    6
0.0359656657 0.1416231903 5.6596534727    6
0.0233196863 0.1089190966 5.7985964868    6
0.0233196863 0.0912991371 6.5021218387    6
0.0414503743 0.1417710800 5.3932150963    6
0.0414503743 0.1640109357 5.2972459842    6
0.0249379227 0.1212576858 5.8719677046    6
0.0264174822 0.0853016521 6.6040830548    6
0.0418504753 0.1402311660 4.7642725151    6
0.0418504753 0.1521798994 5.3686870868    6
0.0261917064 0.1045866980 5.2464188409    6
0.0261917064 0.0928217493 7.3623607690    6
0.0353733039 0.1380436187 5.4283672621    6
0.0353733039 0.1430108535 5.6283814982    6
0.0183307908 0.1006965966 6.2795420179    6
0.0236107150 0.0938104449 6.9233951617    6
0.0386935013 0.1426423155 5.2244708613    6
0.0386935013 0.1626231165 5.3194268131    6
0.0214452684 0.1254713186 5.5614486753    6
0.0224360350 0.1166278351 6.4313917865    6
0.0444854031 0.1459634593 5.5576589556    6
0.0444854031 0.1446296456 5.3168241487    6
0.0299964915 0.1129785863 6.0655185686    6
0.0299964915 0.1045120842 5.6801704077    6
0.0371716851 0.1493838150 4.9669701079    6
0.0371716851 0.1500243277 4.5408309635    6
0.0191176909 0.0999131321 5.4428678895    6
