x y z label
2.0187855788 0.0001564222 0.0013188228    2
1.7159060511 0.0001558869 0.0013145849    2
0.3630546298 0.0001534143 0.0011859710    1
1.7961553777 0.0001699271 0.0013244301    2
1.9275640766 0.0001697647 0.0013092856    2
1.6490752573 0.0001518127 0.0012214530    2
0.4487120618 0.0001299667 0.0010627846    1
1.7085000459 0.0001551010 0.0013156933    2
1.7940679630 0.0001912205 0.0013972741    2
1.6163786542 0.0001860989 0.0010501016    2
0.4360432358 0.0001688569 0.0009539955    1
1.7360066251 0.0001614735 0.0011543998    2
1.8067739537 0.0001647563 0.0014357954    2
1.7272350130 0.0001253631 0.0013879857    2
0.2782065863 0.0001086872 0.0010804588    1
1.7269250772 0.0001166379 0.0011749413    2
1.9545213351 0.0001305175 0.0012398149    2
1.6458399263 0.0001228191 0.0010191770    2
0.3720933801 0.0001270457 0.0009844843    1
1.6091470186 0.0001332576 0.0011442686    2
1.7218328601 0.0001736950 0.0013788268    2
1.6519197112 0.0001982185 0.0012603319    2
0.4000474589 0.0001755926 0.0010213967    1
1.7109032323 0.0001607544 0.0011306197    2
1.8480243406 0.0001438172 0.0013773302    2
1.5776002498 0.0001263380 0.0012339465    2
0.4398345952 0.0001297499 0.0011648774    1
1.7595453670 0.0001493137 0.0012049905    2
1.8525151938 0.0001658132 0.0013889754    2
1.6731026978 0.0001635111 0.0011642241    2
0.4514332452 0.0001501183 0.0010511996    1
1.7355593005 0.0001361817 0.0012313077    2
1.7761349414 0.0001362640 0.0012633507    2
1.6588198566 0.0001406830 0.0010152578    2
0.3240080607 0.0001629314 0.0007673413    1
1.6123832241 0.0001390959 0.0010057741    2
1.8423962664 0.0001120966 0.0013585697    2
1.7322539626 0.0001374582 0.0011286225    2
0.3274431177 0.0001390436 0.0009840870    1
1.7013592433 0.0001164489 0.0012072323    2
1.9365135908 0.0001413318 0.0014025841    2
1.7205840603 0.0001709780 0.0013035485    2
0.2816797452 0.0001818707 0.0011015979    1
1.7636033359 0.0001703738 0.0013810391    2
1.9166858410 0.0001633761 0.0014477720    2
1.6267065383 0.0001502104 0.0011530489    2
0.4178689398 0.0001500585 0.0010548224    1
1.8311196466 0.0001542340 0.0010802245    2
1.9267014393 0.0001506262 0.0013457287    2
1.7526453487 0.0001583658 0.0011902006    2
0.4600030446 0.0001452185 0.0011880441    1
1.6016924576 0.0001545043 0.0011695642    2
1.6861737264 0.0001616117 0.0012106688    2
1.4790288684 0.0001694069 0.0012368371    2
0.2923485268 0.0001406613 0.0010367065    1
1.6310926167 0.0001553230 0.0010164954    2
1.8217845643 0.0001320726 0.0011998225    2
1.6025801347 0.0001216995 0.0009184077    2
0.4048128308 0.0001194269 0.0007514707    1
1.7656782576 0.0001070741 0.0009634998    2
1.9468438227 0.0001440975 0.0012311897    2
1.6556642940 0.0001296753 0.0012103601    2
0.3267369898 0.0001320905 0.0010162084    1
1.6831119369 0.0001204345 0.0011671910    2
1.8743717667 0.0001274329 0.0011591551    2
1.6806070925 0.0001772502 0.0010644826    2
0.3877796505 0.0001688481 0.0011504968    1
1.6657024273 0.0001603853 0.0012727409    2
1.7983604533 0.0001527228 0.0012518892    2
1.6805027500 0.0001362749 0.0010862197    2
0.3601256967 0.0001454736 0.0011202703    1
1.7644411146 0.0001401043 0.0012816240    2
1.8420375426 0.0001486166 0.0012804058    2
1.6078622992 0.0001320234 0.0010487711    2
0.3324810351 0.0001054469 0.0009368120    1
1.8380862059 0.0000984241 0.0013366463    2
1.9031008672 0.0001253623 0.0015603948    2
1.6695806168 0.0001703899 0.0013819292    2
0.3470627218 0.0002063582 0.0009895142    1
0.4055852222 0.0002098632 0.0013569417    3
0.4055852222 0.0001801823 0.0013716990    3
0.2288316102 0.0001526497 0.0011818382    1
0.3553584328 0.0001974486 0.0015267902    3
0.3698980202 0.0002113757 0.0015577501    3
0.3279613525 0.0001659437 0.0013154999    3
0.2278287514 0.0001302877 0.0010645155    1
0.3860895437 0.0001836379 0.0012242350    3
0.4989739573 0.0002420343 0.0013437239    3
0.4297836550 0.0002080641 0.0010263049    3
0.2574108075 0.0001697732 0.0009567969    1
0.4221930028 0.0001703014 0.0011667798    3
0.4293234336 0.0001854311 0.0013587923    3
0.3771168113 0.0001366859 0.0013057302    3
0.2278052181 0.0001085727 0.0010774604    1
0.3704685760 0.0001390753 0.0010896948    3
0.4036359985 0.0001733096 0.0012310754    3
0.3327602624 0.0001470340 0.0010179333    3
0.2552910131 0.0001264100 0.0009788626    1
0.4629094783 0.0001503878 0.0012085821    3
0.5627421631 0.0002076888 0.0014091420    3
0.4231441898 0.0002099304 0.0012178482    3
0.1905236365 0.0001759360 0.0010284592    1
0.3918679344 0.0001973737 0.0011085666    3
0.3997923218 0.0002052674 0.0013988524    3
0.3606487757 0.0001517218 0.0012009373    3
0.2951232235 0.0001296613 0.0011575821    1
0.3103626170 0.0001686741 0.0011305237    3
0.3542531101 0.0001978213 0.0012585052    3
0.3251274766 0.0001786834 0.0011288869    3
0.1938726672 0.0001509687 0.0010553645    1
0.3812095997 0.0001590499 0.0012725239    3
0.3971313265 0.0001744912 0.0013941484    3
0.3364152379 0.0001542621 0.0011018940    3
0.2254202225 0.0001629522 0.0007730117    1
0.5066116681 0.0001601765 0.0011438742    3
0.5066116681 0.0001504101 0.0015612117    3
0.3629755915 0.0001560488 0.0011544391    3
0.2216602760 0.0001385399 0.0009804774    1
0.3095970965 0.0001341488 0.0012539928    3
0.3411367282 0.0001856713 0.0015427037    3
0.3260321556 0.0001931523 0.0014051593    3
0.2220421172 0.0001823862 0.0011074599    1
0.3593959170 0.0001969388 0.0012666030    3
0.4648355131 0.0001950108 0.0013241615    3
0.4046963449 0.0001613611 0.0011148622    3
0.2301750125 0.0001493347 0.0010576837    1
0.3062286665 0.0001468638 0.0010602661    3
0.3062286665 0.0001624762 0.0013328662    3
0.3096941029 0.0001694423 0.0012500753    3
0.3121238567 0.0001457230 0.0011836213    1
0.4014728500 0.0001514171 0.0011515104    3
0.4982814187 0.0001653596 0.0011188901    3
0.3969270008 0.0001711673 0.0012289940    3
0.2735162321 0.0001400104 0.0010330680    1
0.3450114261 0.0001706778 0.0011056222    3
0.3606747150 0.0001642974 0.0013532955    3
0.3421216084 0.0001412156 0.0009697299    3
0.2465399451 0.0001186149 0.0007442259    1
0.4055856262 0.0001213156 0.0009429139    3
0.4285107085 0.0001543192 0.0011516340    3
0.3477820308 0.0001314708 0.0011111317    3
0.1945243023 0.0001330776 0.0010179639    1
0.4215243055 0.0001415467 0.0011310270    3
0.4215243055 0.0001715825 0.0011387078    3
0.3027183458 0.0002000456 0.0010610998    3
0.2088494138 0.0001692206 0.0011484523    1
0.4570492236 0.0001821604 0.0013133838    3
0.4570492236 0.0001661743 0.0012368172    3
0.4004801430 0.0001324736 0.0010480668    3
0.2202523415 0.0001446163 0.0011171926    1
0.4695336239 0.0001567397 0.0013845659    3
0.4929660648 0.0001604590 0.0015026372    3
0.3612957019 0.0001266407 0.0011816704    3
0.2287011299 0.0001044228 0.0009430870    1
0.3724530120 0.0001126240 0.0013496050    3
0.3737649215 0.0001375110 0.0017522623    3
0.3762593302 0.0001578563 0.0014043341    3
0.2724368907 0.0001411139 0.0008281469    1
0.2307044381 0.0002454520 0.0033313019    4
0.2235823617 0.0002052146 0.0030964420    4
0.2304044236 0.0001706442 0.0017784502    4
0.2705797300 0.0001859343 0.0017073458    4
0.2738430664 0.0002321418 0.0026561039    4
0.2522880774 0.0002272665 0.0030887867    4
0.2522880774 0.0001571679 0.0018803775    4
0.2308797660 0.0001626194 0.0016595905    4
0.2376623049 0.0001843893 0.0023697029    4
0.2411221683 0.0001988389 0.0026831393    4
0.2703730339 0.0001660450 0.0018589976    4
0.2527748969 0.0001630932 0.0019717160    4
0.2280849849 0.0002269562 0.0028881756    4
0.2156175664 0.0001908336 0.0026237589    4
0.1994984182 0.0001271465 0.0015414629    4
0.2073839977 0.0001335568 0.0023268947    4
0.2725327408 0.0001523496 0.0034843747    4
0.3008942294 0.0001624848 0.0032554756    4
0.2609478037 0.0001584662 0.0019724116    4
0.2469099817 0.0001562248 0.0019848912    4
0.2513918943 0.0001939682 0.0023938500    4
0.2486376609 0.0002183228 0.0024212668    4
0.1845712515 0.0001885270 0.0016393740    4
0.1895903719 0.0001766670 0.0020467894    4
0.2847999435 0.0001942708 0.0034707308    4
0.3439924901 0.0001749193 0.0030473486    4
0.3279656100 0.0001517529 0.0019168849    4
0.2284321469 0.0001460358 0.0014864001    4
0.2254314490 0.0002011597 0.0027184054    4
0.2489010489 0.0002295874 0.0030244860    4
0.2375295840 0.0001780640 0.0018396367    4
0.1901311546 0.0001553538 0.0017166075    4
0.2423560166 0.0001924586 0.0031914491    4
0.2848633927 0.0001982722 0.0034932476    4
0.2344196658 0.0001816901 0.0017212003    4
0.2213832748 0.0001553127 0.0019120912    4
0.2370536530 0.0001826508 0.0034089218    4
0.2166456683 0.0002058727 0.0030564600    4
0.1898137103 0.0001565524 0.0017263032    4
0.1756372129 0.0001145291 0.0020299295    4
0.2500358692 0.0001680551 0.0030779178    4
0.2688609158 0.0002017745 0.0027150127    4
0.2378119808 0.0001953457 0.0017999153    4
0.3214195609 0.0001579365 0.0018088753    4
0.3233223209 0.0001842805 0.0030040089    4
0.2482075459 0.0001906727 0.0028337499    4
0.2071368425 0.0001577502 0.0015908259    4
0.2513306177 0.0001563980 0.0018278613    4
0.2938199334 0.0002008949 0.0035970015    4
0.2984281250 0.0002150042 0.0036857148    4
0.2953872093 0.0001680492 0.0019892174    4
0.2226260805 0.0001442509 0.0015409241    4
0.2265230705 0.0001627969 0.0030248538    4
0.2535350074 0.0001944557 0.0036634605    4
0.2399232771 0.0001554348 0.0021502481    4
0.2204704645 0.0001583814 0.0013569115    4
0.2368995220 0.0001785738 0.0023034191    4
0.2341214547 0.0001948514 0.0024284383    4
0.2341214547 0.0001484815 0.0014846743    4
0.1695137100 0.0001098225 0.0014358052    4
0.1664658518 0.0001469215 0.0024663751    4
0.1843319492 0.0001546395 0.0023101158    4
0.2022473185 0.0001438933 0.0015208328    4
0.1480798520 0.0001315450 0.0017950060    4
0.1801130323 0.0001553904 0.0023005563    4
0.2197220343 0.0002085345 0.0026042183    4
0.1874821438 0.0001798818 0.0018800677    4
0.1724894093 0.0001547370 0.0017907788    4
0.1788430522 0.0001724625 0.0024541795    4
0.1986005878 0.0001692333 0.0025840655    4
0.2173267769 0.0001577197 0.0019846210    4
0.2311289231 0.0001519280 0.0025253738    4
0.2786598027 0.0001840442 0.0041792403    4
0.2722753892 0.0001707244 0.0039624896    4
0.2350017570 0.0001220049 0.0019715575    4
0.3389000053 0.0001064686 0.0020806118    4
0.3389000053 0.0001610623 0.0030640119    4
0.2487060359 0.0002012930 0.0028552414    4
0.2142544734 0.0001598551 0.0015921442    4
0.4396593563 0.0003312923 0.0045125313    5
0.3645288529 0.0002376861 0.0026107078    5
0.2199733154 0.0001537680 0.0011848350    1
0.3730566492 0.0002067106 0.0030450270    5
0.3889713416 0.0002724630 0.0044242204    5
0.3340198484 0.0002117854 0.0025611955    5
0.2365884974 0.0001296388 0.0010677037    1
0.3186259601 0.0002372737 0.0028956491    5
0.3699066676 0.0003544835 0.0043597137    5
0.3205725048 0.0002603202 0.0023689986    5
0.2783631152 0.0001684480 0.0009492258    1
0.3259205491 0.0002561419 0.0029504053    5
0.3713323747 0.0003176926 0.0044714059    5
0.3713323747 0.0001903292 0.0026360984    5
0.2072836431 0.0001087342 0.0010822601    1
0.3374632851 0.0002113481 0.0028566878    5
0.4215122834 0.0003133317 0.0041912136    5
0.4215122834 0.0002042862 0.0023252927    5
0.2587046126 0.0001275669 0.0009850088    1
0.2994324455 0.0002383563 0.0032133685    5
0.4546196646 0.0003483058 0.0048094653    5
0.4546196646 0.0002734505 0.0027239673    5
0.1605221717 0.0001755355 0.0010179451    1
0.3595961497 0.0002409880 0.0028832568    5
0.4493989231 0.0003200398 0.0044139027    5
0.4433321741 0.0002065310 0.0025409466    5
0.3079513677 0.0001301156 0.0011712950    1
0.3915400814 0.0002604082 0.0030468894    5
0.3981413221 0.0003478492 0.0047799709    5
0.3249073910 0.0002404552 0.0026919690    5
0.2285161672 0.0001495358 0.0010518956    1
0.3974818630 0.0002526479 0.0028468613    5
0.4212664528 0.0003306787 0.0042162948    5
0.4196616003 0.0002294173 0.0022706668    5
0.2054894510 0.0001633056 0.0007709785    1
0.4037046928 0.0002359790 0.0025622780    5
0.4290572503 0.0003002901 0.0040283895    5
0.3439115418 0.0002264074 0.0023206097    5
0.2047108862 0.0001393894 0.0009900906    1
0.4005763946 0.0002286126 0.0029874971    5
0.4660402477 0.0002957504 0.0044238338    5
0.3947742881 0.0002267939 0.0025278844    5
0.2022646628 0.0001814583 0.0010978203    1
0.4062813297 0.0002495897 0.0028296937    5
0.4110495148 0.0003010744 0.0044342963    5
0.3923404922 0.0002125019 0.0026935914    5
0.2162877290 0.0001504640 0.0010474707    1
0.3235237927 0.0002791684 0.0028446240    5
0.4162665343 0.0003659242 0.0045581090    5
0.3765147869 0.0002509843 0.0026192304    5
0.3193517564 0.0001447418 0.0011858052    1
0.4746694093 0.0002517639 0.0030086776    5
0.4767504495 0.0003110113 0.0047293306    5
0.4739278090 0.0002324713 0.0027573777    5
0.2214261959 0.0001410796 0.0010427958    1
0.4155968497 0.0002345089 0.0028423043    5
0.4813584196 0.0003247075 0.0045200496    5
0.4283309173 0.0002197432 0.0023793398    5
0.2377531551 0.0001200051 0.0007581631    1
0.2879881199 0.0001976882 0.0027049487    5
0.3783308644 0.0002964372 0.0044070752    5
0.3783308644 0.0001896370 0.0026402578    5
0.2105787703 0.0001315795 0.0010204700    1
0.2927066292 0.0002259226 0.0025809901    5
0.3536180326 0.0002585428 0.0041950835    5
0.3536180326 0.0002125073 0.0024678506    5
0.2020392693 0.0001686318 0.0011529080    1
0.3594717055 0.0002757711 0.0029341959    5
0.3663736021 0.0003800965 0.0044079762    5
0.3461910115 0.0002399024 0.0025246236    5
0.2232878605 0.0001456492 0.0011264539    1
0.2473169514 0.0002298859 0.0032487811    5
0.3658001582 0.0003174658 0.0046845714    5
0.3437578535 0.0002107979 0.0025193506    5
0.2340182339 0.0001053089 0.0009212592    1
0.3734843864 0.0002044494 0.0031419665    5
0.3756253528 0.0003057275 0.0049153729    5
0.3721604986 0.0002404422 0.0026554288    5
0.2411108292 0.0001677036 0.0007647520    1
0.9238673752 0.0006878176 0.0034527024    6
1.0046474482 0.0006778684 0.0033415432    6
1.0046474482 0.0004451968 0.0024215626    6
0.7054348240 0.0004123223 0.0021496124    6
1.0358464432 0.0006091050 0.0034660399    6
1.0753698366 0.0006228285 0.0038453469    6
1.0753698366 0.0004218933 0.0026296980    6
0.7380647428 0.0004109777 0.0024313062    6
1.0941961890 0.0007117091 0.0037180065    6
1.0941961890 0.0006822566 0.0035339889    6
1.0884179940 0.0004512674 0.0023316887    6
0.7997101336 0.0004090703 0.0024262409    6
1.0406654438 0.0006294887 0.0039022822    6
1.0447075482 0.0005861851 0.0038203790    6
1.0388093012 0.0003823868 0.0022271152    6
0.7462786784 0.0004013508 0.0020513213    6
1.0882873118 0.0006825580 0.0035470829    6
1.0951518295 0.0006569783 0.0035499902    6
1.0276983102 0.0004302900 0.0022468284    6
0.6579592131 0.0004259066 0.0022877846    6
1.0971523167 0.0007034158 0.0034246406    6
1.0971523167 0.0006649877 0.0036820798    6
1.0424554178 0.0004077374 0.0024815610    6
0.7577574408 0.0004185333 0.0023544383    6
1.0735744415 0.0006837012 0.0033818242    6
1.1419443615 0.0006397689 0.0033072065    6
1.1419443615 0.0004236302 0.0020810899    6
0.7324100902 0.0004177794 0.0021760953    6
0.9843826354 0.0006651694 0.0037326956    6
0.9861338461 0.0006471122 0.0037055193    6
0.9786901345 0.0004367510 0.0025391353    6
0.7437732487 0.0004322906 0.0023948324    6
1.0521207499 0.0006759759 0.0037736462    6
1.0566176314 0.0006296370 0.0034693066    6
1.0466081844 0.0004288053 0.0020916276    6
0.6899511739 0.0003883165 0.0024032971    6
1.0204435128 0.0005918170 0.0038729692    6
1.0260752118 0.0006105933 0.0038503481    6
1.0008976751 0.0003954133 0.0023939455    6
0.6848232632 0.0003886057 0.0021804155    6
1.1988805462 0.0006709251 0.0034121913    6
1.1991091348 0.0006460649 0.0036834822    6
1.0929962269 0.0004114756 0.0025231171    6
0.8862208105 0.0003940279 0.0025483261    6
0.9324263157 0.0006627264 0.0037882491    6
0.9059575043 0.0006232758 0.0035846220    6
0.9059575043 0.0004267679 0.0023035425    6
0.7383908901 0.0003795496 0.0024555542    6
1.0065529115 0.0006139000 0.0042056782    6
1.0065529115 0.0005830884 0.0038663621    6
0.9175010286 0.0003909906 0.0022544046    6
0.7143566580 0.0004002310 0.0021457279    6
1.2217795575 0.0006326943 0.0039112031    6
1.2233271874 0.0005739386 0.0039380397    6
1.1381707926 0.0003762874 0.0023672344    6
0.8008890757 0.0003931212 0.0022558095    6
1.0970666179 0.0006805528 0.0038310053    6
1.1051347008 0.0006663962 0.0036314806    6
1.0686443839 0.0004035106 0.0021920905    6
0.7942876837 0.0003458189 0.0024198060    6
1.1369860981 0.0005809643 0.0040827250    6
1.1369860981 0.0005827077 0.0039160879    6
1.0667168068 0.0003980977 0.0024460835    6
0.7863322103 0.0004016710 0.0022383330    6
1.1036791119 0.0006229985 0.0037486465    6
1.1059633572 0.0006381341 0.0035276319    6
1.1021872317 0.0004309789 0.0024579024    6
0.7478560546 0.0003938148 0.0026180119    6
1.0887432879 0.0006218757 0.0037355721    6
1.0995092918 0.0005900829 0.0034351406    6
1.0419713618 0.0003766681 0.0024267852    6
0.7668913578 0.0004307506 0.0025042004    6
1.1666710495 0.0006734398 0.0036098608    6
1.1716580014 0.0006084957 0.0033730905    6
1.0708486888 0.0003917363 0.0022525989    6
0.8708521575 0.0003967271 0.0021696296    6
1.1591445552 0.0006499362 0.0036872738    6
1.1742633938 0.0006459340 0.0035509598    6
1.0773250773 0.0004076582 0.0021647922    6
2.9324866277 0.0001172066 0.0011589011    2
2.5246590135 0.0001191191 0.0010483411    2
0.4580312553 0.0001136116 0.0008365795    1
2.5758839334 0.0001295920 0.0010854204    2
2.9156687699 0.0001249619 0.0011583151    2
2.5362093170 0.0001180158 0.0009893989    2
0.5818889887 0.0000994713 0.0007769283    1
2.4948943947 0.0001191696 0.0011003604    2
3.0097978880 0.0001433399 0.0012378096    2
2.4862576673 0.0001412379 0.0008656449    2
0.6142694802 0.0001286100 0.0006902819    1
2.4850208597 0.0001203220 0.0009288919    2
2.9219283825 0.0001211914 0.0012082972    2
2.5105426893 0.0000942198 0.0010653485    2
0.4465561112 0.0000823565 0.0007641552    1
2.4841807412 0.0000867830 0.0009622777    2
2.9256175489 0.0000983423 0.0011068642    2
2.4721059557 0.0000906625 0.0008144668    2
0.6235812768 0.0000943969 0.0006945283    1
2.4418576238 0.0001023988 0.0009242776    2
2.8234493037 0.0001311680 0.0011565351    2
2.5012352355 0.0001534599 0.0009522557    2
0.4285000227 0.0001341597 0.0007768221    1
2.5021405554 0.0001215187 0.0009599821    2
2.9824988303 0.0001089999 0.0012215975    2
2.4930079632 0.0000996812 0.0010203319    2
0.5360318189 0.0000972593 0.0008214979    1
2.5093105796 0.0001131974 0.0010090688    2
2.9300239332 0.0001235428 0.0012344944    2
2.5714968872 0.0001272694 0.0009647555    2
0.4681387946 0.0001172269 0.0007931180    1
2.4882822316 0.0001041324 0.0010232322    2
2.8429018027 0.0001025944 0.0011892224    2
2.5129822243 0.0001033921 0.0008696215    2
0.4162843062 0.0001225709 0.0005691149    1
2.3975898708 0.0001042700 0.0008566967    2
2.8789147129 0.0000855658 0.0011867577    2
2.5653684421 0.0001047868 0.0009132573    2
0.5023877414 0.0001039175 0.0007099415    1
2.5171487442 0.0000864130 0.0009523400    2
3.0021179955 0.0001044399 0.0011886445    2
2.5841476198 0.0001257839 0.0010428351    2
0.4762537545 0.0001384995 0.0008202479    1
2.5711437030 0.0001273852 0.0011221994    2
3.0454634746 0.0001240479 0.0012780570    2
2.5002229088 0.0001138000 0.0009131599    2
0.5930491603 0.0001115018 0.0007847050    1
2.6278592987 0.0001144998 0.0009136497    2
3.1149062989 0.0001161232 0.0012077821    2
2.6039866685 0.0001208594 0.0009595914    2
0.7134097104 0.0001117573 0.0008341089    1
2.4523692548 0.0001160180 0.0009459344    2
2.8354400663 0.0001218415 0.0011002228    2
2.3598494282 0.0001295095 0.0010175998    2
0.4950421519 0.0001057589 0.0007536734    1
2.4400296866 0.0001154760 0.0008343608    2
2.9592687169 0.0001017874 0.0010844388    2
2.5040896369 0.0000915878 0.0007620398    2
0.5864298541 0.0000858907 0.0005137517    1
2.5061494484 0.0000784285 0.0008467885    2
2.9704491314 0.0001079204 0.0011550874    2
2.4959393176 0.0000986903 0.0009666033    2
0.4828562474 0.0000995867 0.0007309403    1
2.4289063838 0.0000865603 0.0009416549    2
2.9366370280 0.0000970055 0.0010704611    2
2.5479244280 0.0001312487 0.0008751487    2
0.5230168003 0.0001274226 0.0008250138    1
2.4443656098 0.0001195269 0.0010329041    2
2.9518866028 0.0001165828 0.0011259795    2
2.5592307798 0.0001043659 0.0009011290    2
0.6344085318 0.0001082892 0.0008037687    1
2.5284504186 0.0001027441 0.0010262144    2
2.8784097491 0.0001120145 0.0011498239    2
2.4840051163 0.0001022404 0.0008520914    2
0.5152302194 0.0000785763 0.0006628395    1
2.5409749522 0.0000670294 0.0010506887    2
2.8657281404 0.0000738273 0.0013113812    2
2.4647357323 0.0001006470 0.0010053806    2
0.5174069732 0.0001017096 0.0006287253    1
0.5924656948 0.0001723085 0.0011017768    3
0.5924656948 0.0001408547 0.0010311443    3
0.3002097858 0.0001131326 0.0008410702    1
0.5512479880 0.0001551836 0.0011764316    3
0.6702889921 0.0001706295 0.0012843634    3
0.5189029119 0.0001302549 0.0010156763    3
0.2287361671 0.0000973244 0.0007584028    1
0.5098183895 0.0001467719 0.0009826321    3
0.6155575042 0.0001951563 0.0011061482    3
0.6155575042 0.0001610516 0.0007996986    3
0.2991966875 0.0001250790 0.0006792747    1
0.6286358230 0.0001372522 0.0009167551    3
0.6510900881 0.0001516732 0.0011243121    3
0.6503924774 0.0001092384 0.0009915115    3
0.3676371324 0.0000809907 0.0007658092    1
0.5410201010 0.0001127065 0.0008478178    3
0.5864679216 0.0001439744 0.0009933506    3
0.4929695686 0.0001164075 0.0007791196    3
0.2295133389 0.0000941289 0.0006984143    1
0.5999577531 0.0001210705 0.0009390046    3
0.7635687377 0.0001692411 0.0011391393    3
0.5517330998 0.0001626210 0.0009318000    3
0.2814197626 0.0001320798 0.0007509271    1
0.5162281676 0.0001577242 0.0008855551    3
0.5827062662 0.0001695730 0.0011441408    3
0.5100567892 0.0001211224 0.0009307270    3
0.2839273272 0.0000972825 0.0008435554    1
0.4952307059 0.0001343155 0.0008667852    3
0.6154157604 0.0001607068 0.0010043972    3
0.4962373317 0.0001398247 0.0008667285    3
0.2466758023 0.0001135415 0.0007678348    1
0.5710122683 0.0001250661 0.0009837838    3
0.7084688033 0.0001464280 0.0011262407    3
0.6096830421 0.0001226270 0.0008426625    3
0.3975522857 0.0001215683 0.0005437532    1
0.6640313672 0.0001279514 0.0009057761    3
0.7484352212 0.0001285796 0.0012442871    3
0.5305353201 0.0001230454 0.0008853998    3
0.2831073503 0.0001025934 0.0006950782    1
0.4500357085 0.0001108022 0.0009730575    3
0.5512425085 0.0001529598 0.0012359679    3
0.4407160042 0.0001499855 0.0010649046    3
0.3071267293 0.0001359799 0.0007946875    1
0.4672815573 0.0001571891 0.0009776067    3
0.5388280423 0.0001591003 0.0010731350    3
0.5071714989 0.0001262634 0.0008545773    3
0.2156567249 0.0001108040 0.0007647857    1
0.4873005353 0.0001154168 0.0008478961    3
0.4873005353 0.0001343931 0.0011186326    3
0.3615626033 0.0001328343 0.0009508169    3
0.3312909523 0.0001095025 0.0008420917    1
0.4833455714 0.0001163149 0.0009007481    3
0.7018633433 0.0001349626 0.0009004377    3
0.5650221792 0.0001323588 0.0009288513    3
0.3073241411 0.0001091644 0.0007765178    1
0.4840992022 0.0001346160 0.0008755592    3
0.5639902062 0.0001371145 0.0011226759    3
0.4603015767 0.0001139104 0.0007536370    3
0.2116042141 0.0000887296 0.0005287168    1
0.5760022848 0.0000988272 0.0007529589    3
0.5760022848 0.0001289425 0.0009609787    3
0.4809200403 0.0001034678 0.0008492188    3
0.2362586479 0.0000963447 0.0007245470    1
0.6634575063 0.0001134754 0.0008804894    3
0.6634575063 0.0001431193 0.0009668128    3
0.4939247249 0.0001574287 0.0008186980    3
0.2174809202 0.0001255442 0.0008208964    1
0.6022639328 0.0001429528 0.0010215656    3
0.6961970685 0.0001365697 0.0010351459    3
0.5979490650 0.0001029704 0.0008094462    3
0.2544574714 0.0001113165 0.0008283610    1
0.6077150494 0.0001253945 0.0010565307    3
0.7434147576 0.0001318279 0.0012093849    3
0.5710507866 0.0001000464 0.0008995902    3
0.3382226887 0.0000788549 0.0006615596    1
0.5408883658 0.0000933546 0.0010498315    3
0.6986945691 0.0001157895 0.0013924714    3
0.6105269236 0.0001174933 0.0010540406    3
0.3270144546 0.0001047615 0.0006546431    1
0.2335136433 0.0002041060 0.0042998366    4
0.2360397281 0.0001704539 0.0044739428    4
0.2650916680 0.0001082379 0.0024041070    4
0.3122536402 0.0001433749 0.0020810661    4
0.3753618482 0.0001958264 0.0037417689    4
0.4017999665 0.0001887646 0.0034782891    4
0.3123961082 0.0001216378 0.0015549155    4
0.3222561939 0.0001207871 0.0016631217    4
0.3451378402 0.0001686244 0.0036537123    4
0.3596489956 0.0001735991 0.0039085348    4
0.3286125860 0.0001504465 0.0018764826    4
0.2861471955 0.0001542223 0.0020548134    4
0.2483165161 0.0002296894 0.0035863782    4
0.3036043371 0.0002373262 0.0033493242    4
0.3003231694 0.0001445013 0.0018930891    4
0.3185768246 0.0001362582 0.0025563014    4
0.3574414510 0.0001678660 0.0038292185    4
0.2921429083 0.0001589757 0.0038093849    4
0.2732302780 0.0001225384 0.0020716363    4
0.2591690696 0.0001467596 0.0019492850    4
0.2686016082 0.0002274945 0.0030063244    4
0.2908438091 0.0002103500 0.0030651061    4
0.2404940007 0.0001614685 0.0017020780    4
0.2110763571 0.0001480874 0.0019134785    4
0.2940708101 0.0001719269 0.0033011724    4
0.2883139696 0.0001716741 0.0030602521    4
0.2733756276 0.0001341678 0.0015156639    4
0.2501658157 0.0001729874 0.0021964248    4
0.3090184740 0.0002506425 0.0045017286    4
0.3090184740 0.0002088780 0.0037944769    4
0.2358958140 0.0001383638 0.0016150021    4
0.1922138342 0.0001640028 0.0027685200    4
0.2974990278 0.0002255794 0.0056848356    4
0.3188217652 0.0001828966 0.0049142199    4
0.3126634172 0.0001493033 0.0020300568    4
0.2369356281 0.0001243348 0.0018738429    4
0.2478066850 0.0001531091 0.0030999489    4
0.2782755464 0.0001565849 0.0030771213    4
0.2320755049 0.0001185152 0.0017401272    4
0.1924859320 0.0001563889 0.0024594497    4
0.2918674302 0.0002341141 0.0045460531    4
0.2848637452 0.0002014379 0.0039849612    4
0.2679590243 0.0001532805 0.0018822971    4
0.3244759885 0.0001550951 0.0016686691    4
0.3607982870 0.0001911212 0.0038068233    4
0.3459408814 0.0001921402 0.0045493373    4
0.2938723851 0.0001554958 0.0023357583    4
0.3136677328 0.0001297638 0.0019825086    4
0.3373681294 0.0001649824 0.0029426557    4
0.3679116213 0.0001818436 0.0030185259    4
0.3536755979 0.0001452470 0.0019416518    4
0.2474194409 0.0001275950 0.0014850456    4
0.2444739352 0.0001583624 0.0035116104    4
0.2792155794 0.0001702105 0.0039160358    4
0.2792155794 0.0001228856 0.0018480652    4
0.2614366616 0.0001225620 0.0015365710    4
0.2850465838 0.0001600876 0.0038795217    4
0.3014811793 0.0001900114 0.0046449672    4
0.3099808199 0.0001368895 0.0022324965    4
0.2541392630 0.0001198970 0.0016647091    4
0.2335363285 0.0002066379 0.0035408751    4
0.2010967422 0.0001816799 0.0036856533    4
0.2107705847 0.0001275062 0.0018019037    4
0.2382014003 0.0001341623 0.0022298444    4
0.2169958363 0.0001842675 0.0030897795    4
0.2155668799 0.0001969028 0.0025735585    4
0.2207258769 0.0001361213 0.0016527716    4
0.1984483066 0.0001151134 0.0022382730    4
0.2817437619 0.0001894687 0.0044169582    4
0.3187625782 0.0002257787 0.0047419950    4
0.2898677559 0.0001505170 0.0022867285    4
0.2317303149 0.0001244845 0.0022434255    4
0.2077472989 0.0001639473 0.0030812046    4
0.2057554778 0.0001877505 0.0029759748    4
0.2557596692 0.0001270130 0.0018266031    4
0.3557550396 0.0001084998 0.0022347567    4
0.3344099030 0.0001705222 0.0040786072    4
0.2817895265 0.0001760908 0.0038091765    4
0.2708796908 0.0001161124 0.0019821792    4
0.4391844269 0.0002470779 0.0032454716    5
0.3203155582 0.0001739635 0.0018716655    5
0.2559013486 0.0001131511 0.0008440124    1
0.4135766360 0.0001544903 0.0021875383    5
0.4562517076 0.0002048687 0.0031704617    5
0.4363850723 0.0001560657 0.0018473206    5
0.3006538558 0.0000975071 0.0007557778    1
0.3720609681 0.0001792266 0.0021143634    5
0.3782078852 0.0002640046 0.0031454727    5
0.3521222029 0.0001928206 0.0017201869    5
0.3006433645 0.0001251311 0.0006816733    1
0.3512662564 0.0001920847 0.0021236324    5
0.3512662564 0.0002384163 0.0031989184    5
0.3226135881 0.0001408616 0.0019195150    5
0.2439423133 0.0000810090 0.0007667494    1
0.2973079796 0.0001580364 0.0020513011    5
0.3941922064 0.0002332779 0.0030255596    5
0.4009724704 0.0001527052 0.0016852441    5
0.2933487052 0.0000939770 0.0007011924    1
0.2855159365 0.0001785017 0.0022974399    5
0.4413294744 0.0002597353 0.0034634267    5
0.4413294744 0.0002041140 0.0019603499    5
0.2206201374 0.0001320787 0.0007513881    1
0.3187230992 0.0001809994 0.0020908487    5
0.3807579258 0.0002394355 0.0031762180    5
0.3807579258 0.0001535965 0.0018271979    5
0.2660891699 0.0000970982 0.0008423320    1
0.3426301099 0.0001949905 0.0021919346    5
0.3616882842 0.0002596536 0.0034336622    5
0.3307834523 0.0001781895 0.0019325975    5
0.1818144538 0.0001137135 0.0007650529    1
0.2900026383 0.0001884138 0.0020364151    5
0.4524402625 0.0002460334 0.0030338275    5
0.4524402625 0.0001715861 0.0016217162    5
0.2815496774 0.0001213861 0.0005406964    1
0.4159082532 0.0001759163 0.0018477205    5
0.4248410617 0.0002226404 0.0029179390    5
0.3652192088 0.0001671098 0.0017031371    5
0.1847776831 0.0001025719 0.0006919556    1
0.3679803193 0.0001716714 0.0021473822    5
0.4189144808 0.0002209056 0.0031786718    5
0.3648785617 0.0001692690 0.0018162341    5
0.2781573853 0.0001361380 0.0007946454    1
0.4147755121 0.0001873477 0.0020352672    5
0.4725040641 0.0002251975 0.0031797555    5
0.3985033604 0.0001583190 0.0019563404    5
0.2970283190 0.0001107876 0.0007679726    1
0.3396733601 0.0002085673 0.0020494737    5
0.4526445375 0.0002751603 0.0032610011    5
0.4930848614 0.0001849168 0.0019062720    5
0.3784358483 0.0001097135 0.0008453528    1
0.4382677727 0.0001863072 0.0021639036    5
0.4566576411 0.0002305931 0.0034189874    5
0.4135877080 0.0001722894 0.0019864123    5
0.2584211179 0.0001090782 0.0007762603    1
0.4338613928 0.0001747655 0.0020486796    5
0.4718374768 0.0002430377 0.0032469636    5
0.3945974813 0.0001637225 0.0017235237    5
0.3000847084 0.0000885427 0.0005269437    1
0.3104747822 0.0001470472 0.0019481415    5
0.3550583144 0.0002215592 0.0031706079    5
0.3550583144 0.0001414511 0.0019057929    5
0.1884705555 0.0000965180 0.0007217995    1
0.3043107135 0.0001667232 0.0018439454    5
0.3272755611 0.0001939336 0.0030087786    5
0.3272755611 0.0001589632 0.0017972457    5
0.2596394122 0.0001255537 0.0008205013    1
0.3037277513 0.0002051270 0.0021150688    5
0.3572869084 0.0002843233 0.0031741165    5
0.3309604628 0.0001755790 0.0018231352    5
0.2564396880 0.0001112421 0.0008278180    1
0.2438103347 0.0001707021 0.0023244169    5
0.3472405494 0.0002365254 0.0033743057    5
0.3022025754 0.0001560875 0.0018176249    5
0.2391646142 0.0000789487 0.0006644055    1
0.3314058915 0.0001515613 0.0022522839    5
0.3815710230 0.0002283787 0.0035195802    5
0.3447398897 0.0001643479 0.0019569506    5
0.2652693793 0.0001047498 0.0006541431    1
0.8891833257 0.0005130341 0.0024832968    6
0.9411904137 0.0005080978 0.0023881987    6
0.9411904137 0.0003293941 0.0016626196    6
0.7207013697 0.0003157607 0.0015646556    6
0.9746577998 0.0004507361 0.0024647954    6
1.0318402772 0.0004664613 0.0027555380    6
1.0318402772 0.0003100495 0.0018146245    6
0.7761534666 0.0003166393 0.0017721600    6
0.9917440058 0.0005305944 0.0026646931    6
1.0744760926 0.0005091310 0.0025103870    6
1.0435367313 0.0003299592 0.0016146644    6
0.6969224829 0.0003096340 0.0017455278    6
0.8818284563 0.0004661474 0.0027742181    6
0.9792939934 0.0004370290 0.0027197966    6
0.9792939934 0.0002823625 0.0015440899    6
0.6066443174 0.0003030863 0.0014684777    6
0.9891004910 0.0005088313 0.0025534019    6
1.0061611336 0.0004857977 0.0024796265    6
1.0047803178 0.0003182491 0.0015302934    6
0.6016059723 0.0003259109 0.0016505033    6
0.9881534465 0.0005239705 0.0024657718    6
0.9977067617 0.0004951241 0.0025529518    6
0.9824377325 0.0003010029 0.0017051069    6
0.6440130250 0.0003229878 0.0017098457    6
0.9893829677 0.0005083515 0.0024167085    6
1.0949431365 0.0004793561 0.0023571637    6
1.0949431365 0.0003127082 0.0014201404    6
0.5847392660 0.0003191588 0.0015612745    6
0.9701182931 0.0004948831 0.0026684838    6
1.0129899423 0.0004851216 0.0026483473    6
1.0129899423 0.0003204583 0.0017595675    6
0.5920630744 0.0003297654 0.0017142853    6
1.0337313368 0.0005042097 0.0027052017    6
1.0502649823 0.0004667878 0.0024830857    6
1.0163598948 0.0003169542 0.0014193220    6
0.6067549458 0.0002968814 0.0017293777    6
0.9568488229 0.0004424997 0.0027832617    6
1.0150808577 0.0004551039 0.0027160193    6
1.0150808577 0.0002924810 0.0016590660    6
0.6007515839 0.0002926884 0.0015448798    6
1.1012402538 0.0004985010 0.0024314478    6
1.1184551690 0.0004794542 0.0026463518    6
1.1273340397 0.0003023227 0.0017293978    6
0.7974730206 0.0002969633 0.0018326039    6
1.0856050686 0.0004929347 0.0027107484    6
1.0367472750 0.0004635892 0.0025018493    6
0.9843084222 0.0003165873 0.0015843885    6
0.7364192826 0.0002868326 0.0017643454    6
0.9717135133 0.0004545367 0.0029823826    6
1.0883122051 0.0004349854 0.0027525859    6
0.9694687575 0.0002872004 0.0015578936    6
0.6992635026 0.0003047875 0.0015462756    6
1.0560211799 0.0004730661 0.0028141763    6
1.0764256169 0.0004275614 0.0027844268    6
1.0323878949 0.0002796931 0.0016271329    6
0.7019494326 0.0002982297 0.0016234497    6
0.9843761641 0.0005052306 0.0027262688    6
1.1279073528 0.0004958590 0.0025818076    6
1.1279073528 0.0003005750 0.0015203414    6
0.7003067195 0.0002636047 0.0017561900    6
1.0205604561 0.0004318119 0.0029241333    6
1.1165550560 0.0004333354 0.0027549669    6
1.1165550560 0.0002910834 0.0016763294    6
0.6063092265 0.0003035631 0.0015869052    6
0.9914470525 0.0004623746 0.0026500375    6
1.1222334494 0.0004741066 0.0025011130    6
1.1222334494 0.0003174930 0.0016917874    6
0.6047458804 0.0003010829 0.0018850012    6
0.9368367960 0.0004618324 0.0026636611    6
1.0144712630 0.0004419846 0.0024570443    6
1.0144712630 0.0002804324 0.0016684329    6
0.6330406485 0.0003279052 0.0018092062    6
1.0679965555 0.0005015494 0.0025992426    6
1.0861166520 0.0004556049 0.0023726827    6
1.0552599174 0.0002859030 0.0015131733    6
0.7244571536 0.0003022648 0.0015485937    6
0.9967868400 0.0004859978 0.0026446972    6
1.0668395899 0.0004696328 0.0025744696    6
1.0668395899 0.0003060079 0.0014517444    6
3.2645399061 0.0000939496 0.0010332011    2
3.0011374939 0.0000904133 0.0008481898    2
0.5484664098 0.0000925222 0.0006746854    1
3.0951330818 0.0001033178 0.0009158478    2
3.1585504306 0.0001006591 0.0010370864    2
3.1017331567 0.0000876699 0.0007979511    2
0.4520033387 0.0000816796 0.0006127347    1
3.1181121855 0.0000948565 0.0009081966    2
3.2862252186 0.0001139481 0.0010691484    2
3.1321488352 0.0001106089 0.0007207022    2
0.5619447366 0.0001040018 0.0005516702    1
2.9864262840 0.0000950601 0.0007878615    2
3.1143982207 0.0000967958 0.0010417006    2
3.0268845795 0.0000785511 0.0008885164    2
0.4259113681 0.0000669758 0.0006026645    1
2.9381185193 0.0000691857 0.0008228123    2
2.9879817470 0.0000799258 0.0009889670    2
2.9816257872 0.0000747498 0.0006999781    2
0.3833209677 0.0000758280 0.0005511530    1
2.9770280511 0.0000813761 0.0008206849    2
3.1011214205 0.0001067024 0.0010625374    2
3.1011214205 0.0001198459 0.0008146423    2
0.4583916633 0.0001088018 0.0006303355    1
3.0347172996 0.0000974691 0.0008184829    2
3.1293171394 0.0000872258 0.0010477015    2
3.0251725803 0.0000753994 0.0007962631    2
0.4544871897 0.0000768653 0.0006489676    1
3.0371952316 0.0000892810 0.0008316429    2
3.1194518453 0.0000991543 0.0010501525    2
3.1018345693 0.0000969945 0.0007646666    2
0.3491320360 0.0000921979 0.0006066979    1
3.0298646962 0.0000835714 0.0008556079    2
3.0997747915 0.0000820153 0.0010631668    2
3.0800083035 0.0000863222 0.0007179441    2
0.5173876546 0.0000985593 0.0004497492    1
2.9055982602 0.0000838586 0.0007408926    2
3.0894093244 0.0000699683 0.0010406055    2
3.0894093244 0.0000826497 0.0007714191    2
0.3499594568 0.0000835638 0.0005529743    1
3.0168475908 0.0000713755 0.0008308443    2
3.1583396444 0.0000827795 0.0010851866    2
3.1267136487 0.0001022065 0.0008600574    2
0.4980550160 0.0001091033 0.0006262425    1
3.1400525401 0.0001018465 0.0009444776    2
3.2081203881 0.0000975994 0.0010996579    2
3.1063164507 0.0000900867 0.0007749088    2
0.5024543724 0.0000898040 0.0006255373    1
3.1957744048 0.0000923398 0.0007790269    2
3.2771809653 0.0000925057 0.0010662251    2
3.2202041820 0.0000944396 0.0008099407    2
0.6174146879 0.0000912196 0.0006653641    1
3.0606338973 0.0000923657 0.0008300658    2
3.0606338973 0.0000971454 0.0010044955    2
2.9274951668 0.0001018158 0.0008301150    2
0.5528788175 0.0000848784 0.0005925516    1
2.9654128795 0.0000923601 0.0007156969    2
3.0908138384 0.0000813230 0.0009689988    2
3.0908138384 0.0000762484 0.0006625320    2
0.4737835955 0.0000681932 0.0003907310    1
2.9834042813 0.0000623340 0.0007283109    2
3.0214295024 0.0000865874 0.0010302830    2
3.0214295024 0.0000789953 0.0008338308    2
0.4257547923 0.0000783722 0.0005606200    1
2.9384992141 0.0000678508 0.0008073370    2
3.1264681289 0.0000778621 0.0009480601    2
3.1088833079 0.0001097032 0.0007262665    2
0.5259784012 0.0001013902 0.0006410816    1
2.9620281097 0.0000954928 0.0008713317    2
3.0994744167 0.0000917443 0.0010044573    2
3.0994744167 0.0000774246 0.0007406445    2
0.3894313216 0.0000855316 0.0006190739    1
3.0563259933 0.0000825144 0.0009028425    2
3.0789359156 0.0000897787 0.0010630641    2
3.0574115439 0.0000764545 0.0007413202    2
0.3406569686 0.0000630244 0.0005212435    1
2.9844107853 0.0000538577 0.0008845548    2
3.0397211626 0.0000597515 0.0011254048    2
2.9631236156 0.0000818611 0.0008230911    2
0.4745741697 0.0000814408 0.0004882171    1
0.7385142663 0.0001506061 0.0009771625    3
0.7385142663 0.0001178040 0.0008571826    3
0.2515724688 0.0000904395 0.0006541230    1
0.7072277556 0.0001301890 0.0009787190    3
0.9042105264 0.0001488095 0.0011162520    3
0.7332976610 0.0001085830 0.0008328898    3
0.3394759835 0.0000794702 0.0006036697    1
0.6291634291 0.0001236999 0.0008314837    3
0.7499453981 0.0001680485 0.0009729683    3
0.7461869269 0.0001345744 0.0006878205    3
0.3712115520 0.0001019442 0.0005385436    1
0.7237624018 0.0001149480 0.0007687877    3
0.8082819132 0.0001327839 0.0010052973    3
0.7519651756 0.0000921853 0.0008221143    3
0.3268386154 0.0000652283 0.0005972518    1
0.7510871005 0.0000966677 0.0007143011    3
0.7510871005 0.0001273602 0.0008857460    3
0.7071971968 0.0000977945 0.0006546433    3
0.2941290696 0.0000748227 0.0005419956    1
0.7933838589 0.0001032303 0.0008027895    3
0.8374499945 0.0001464028 0.0010150671    3
0.6902586179 0.0001362049 0.0007831478    3
0.3069583643 0.0001075034 0.0006158013    1
0.6579783196 0.0001337713 0.0007690133    3
0.7033263956 0.0001487207 0.0010036642    3
0.6876660320 0.0001025462 0.0007826486    3
0.3175649356 0.0000779506 0.0006675894    1
0.6457297205 0.0001140587 0.0007344046    3
0.6865649423 0.0001398620 0.0008902474    3
0.6865649423 0.0001180660 0.0007415105    3
0.2532467621 0.0000898376 0.0006016918    1
0.7178786552 0.0001057261 0.0008324625    3
0.7428589222 0.0001290335 0.0010020107    3
0.6720287875 0.0001020290 0.0007232507    3
0.4024100253 0.0000973700 0.0004386203    1
0.8371045378 0.0001091017 0.0007735171    3
0.8617858105 0.0001150392 0.0010865801    3
0.6792816501 0.0001033785 0.0007457114    3
0.2219580234 0.0000819870 0.0005502096    1
0.6334616915 0.0000974351 0.0008252156    3
0.6364281574 0.0001336691 0.0010796318    3
0.5992129282 0.0001239592 0.0008966376    3
0.2383759812 0.0001076326 0.0006138069    1
0.5740152656 0.0001325282 0.0008121670    3
0.6609781384 0.0001374358 0.0009231841    3
0.6240365193 0.0001053111 0.0007059620    3
0.2193243628 0.0000886352 0.0006071910    1
0.5834332609 0.0000989087 0.0007343066    3
0.5834332609 0.0001190580 0.0009814953    3
0.4459705616 0.0001114979 0.0007961092    3
0.3690551838 0.0000891706 0.0006566141    1
0.6016978948 0.0000986378 0.0007558949    3
0.8229169934 0.0001174570 0.0008002226    3
0.7122169702 0.0001101961 0.0007732774    3
0.2840738302 0.0000869369 0.0006063695    1
0.6817143929 0.0001130456 0.0007503617    3
0.7527536998 0.0001216591 0.0009964032    3
0.6205553585 0.0000958184 0.0006394429    3
0.2100275213 0.0000703002 0.0004095566    1
0.7352124146 0.0000841452 0.0006476283    3
0.7800957500 0.0001148349 0.0008678253    3
0.6546852956 0.0000874593 0.0007115984    3
0.2346997024 0.0000764303 0.0005697523    1
0.8248182088 0.0000958335 0.0007316336    3
0.8248182088 0.0001269488 0.0008681088    3
0.6361214605 0.0001301260 0.0006943097    3
0.1697349483 0.0001003689 0.0006421345    1
0.7131484523 0.0001207602 0.0008639843    3
0.8202695121 0.0001203604 0.0009123806    3
0.7237611034 0.0000869220 0.0006760687    3
0.2140358061 0.0000870614 0.0006302960    1
0.7645264573 0.0001060160 0.0008833468    3
0.8286906804 0.0001154991 0.0010649172    3
0.7341880064 0.0000844994 0.0007568175    3
0.2869312900 0.0000630438 0.0005156066    1
0.7342467940 0.0000818726 0.0008828462    3
0.7909892791 0.0001059989 0.0012040493    3
0.7909892791 0.0001001299 0.0008705638    3
0.1794447819 0.0000830231 0.0005039951    1
0.2719585008 0.0002404701 0.0048777194    4
0.2619926053 0.0002192709 0.0039708206    4
0.2977161892 0.0001427219 0.0018303463    4
0.3047103426 0.0001289159 0.0013156442    4
0.3495701685 0.0001944505 0.0029519112    4
0.2948149524 0.0002325563 0.0037159871    4
0.2608646895 0.0001557932 0.0021646157    4
0.3302864767 0.0001430426 0.0024318503    4
0.3896977605 0.0002544001 0.0042057827    4
0.4551811648 0.0002387406 0.0045576438    4
0.4295512831 0.0001551436 0.0021666907    4
0.3512295497 0.0001647671 0.0025026162    4
0.2585863511 0.0002392667 0.0045380667    4
0.2409577545 0.0002053389 0.0045459996    4
0.3011221135 0.0001146979 0.0022390185    4
0.3223624734 0.0001331338 0.0022498763    4
0.3332390145 0.0001621593 0.0038526862    4
0.3133571821 0.0001711858 0.0035854465    4
0.2899376128 0.0001321884 0.0020276100    4
0.2785906184 0.0001432884 0.0020816403    4
0.2842868534 0.0002558437 0.0041703109    4
0.2662081686 0.0002604423 0.0048716208    4
0.2662081686 0.0001542498 0.0024862538    4
0.2608094458 0.0001618732 0.0024178030    4
0.3699427588 0.0002406505 0.0045672556    4
0.3543417386 0.0001839255 0.0037360448    4
0.3265535515 0.0001100950 0.0019785937    4
0.1905194077 0.0001632053 0.0024202103    4
0.2468136568 0.0002355689 0.0046915775    4
0.2828571162 0.0002174841 0.0059973734    4
0.2845696768 0.0001411995 0.0037397860    4
0.2636439270 0.0001389400 0.0030967385    4
0.2971104118 0.0002277779 0.0059995596    4
0.3680527338 0.0002283585 0.0056562064    4
0.4078271898 0.0001406568 0.0021435066    4
0.3647746042 0.0001306502 0.0021392448    4
0.3728995653 0.0002198040 0.0042184740    4
0.3416219789 0.0002051656 0.0046214129    4
0.2346407165 0.0001222549 0.0026930031    4
0.2470367612 0.0001705500 0.0025932278    4
0.3149267140 0.0002755831 0.0047868248    4
0.2901168011 0.0002686888 0.0049334871    4
0.2771690213 0.0001708987 0.0027679464    4
0.3830190954 0.0001901394 0.0026334597    4
0.3623208278 0.0002384176 0.0042373983    4
0.3065558643 0.0002165951 0.0040070733    4
0.2720862486 0.0001472400 0.0019694976    4
0.2461959223 0.0001403215 0.0017622143    4
0.3932133856 0.0002005599 0.0037539445    4
0.4435893997 0.0002037766 0.0039792449    4
0.4323410587 0.0001392916 0.0021286474    4
0.2525058285 0.0001559337 0.0027772729    4
0.2748831348 0.0002025796 0.0043975912    4
0.2974055468 0.0001919363 0.0035929718    4
0.2958007766 0.0001282539 0.0020066852    4
0.2479696048 0.0001484457 0.0021597395    4
0.2251694909 0.0002190133 0.0045758241    4
0.2824369754 0.0002336831 0.0048640916    4
0.2573908328 0.0001439254 0.0023426341    4
0.2127329237 0.0001322883 0.0025261850    4
0.2247336183 0.0001998745 0.0049697104    4
0.2673885532 0.0001946113 0.0048071685    4
0.2187735978 0.0001307479 0.0021590992    4
0.2005105029 0.0001413529 0.0025113599    4
0.2447537402 0.0002180507 0.0051427914    4
0.3009850507 0.0002235392 0.0049991145    4
0.2696911473 0.0001368836 0.0023605491    4
0.1986031280 0.0001428501 0.0022176133    4
0.2104313152 0.0001890591 0.0042897891    4
0.2334520308 0.0002163075 0.0044687901    4
0.2094275284 0.0001547748 0.0022504660    4
0.1892838899 0.0001066928 0.0019837128    4
0.2194644785 0.0002247496 0.0042375308    4
0.2446557856 0.0002345559 0.0041934304    4
0.2455477892 0.0001277608 0.0019230068    4
0.3349512129 0.0001458192 0.0021775112    4
0.3638609935 0.0002224789 0.0040613457    4
0.2502722631 0.0001913271 0.0040573139    4
0.2053078018 0.0001072412 0.0021499665    4
0.4442040924 0.0001971426 0.0025476360    5
0.3186427998 0.0001380948 0.0014696378    5
0.3162549102 0.0000921204 0.0006696426    1
0.4459793372 0.0001226814 0.0017106455    5
0.4915946574 0.0001630656 0.0024915248    5
0.4523530958 0.0001228186 0.0014476533    5
0.2333801540 0.0000814154 0.0006138620    1
0.3642085956 0.0001425523 0.0016555975    5
0.3699242733 0.0002099125 0.0024778615    5
0.3615348485 0.0001553852 0.0013356752    5
0.3664925093 0.0001039072 0.0005496823    1
0.3995216933 0.0001516657 0.0016547500    5
0.3712374682 0.0001910575 0.0025021739    5
0.3024180288 0.0001124175 0.0015075671    5
0.3269156896 0.0000668207 0.0006011145    1
0.3423249205 0.0001258417 0.0016085868    5
0.3647364093 0.0001868635 0.0023702807    5
0.3647364093 0.0001216502 0.0013156828    5
0.2336163931 0.0000757773 0.0005484344    1
0.2493274368 0.0001416281 0.0018088984    5
0.4396339043 0.0002086998 0.0027047765    5
0.4396339043 0.0001652866 0.0015191829    5
0.2698624135 0.0001087597 0.0006301240    1
0.3107521942 0.0001447198 0.0016494439    5
0.3386718870 0.0001903471 0.0024993723    5
0.3216889599 0.0001223029 0.0014348735    5
0.2740114637 0.0000770030 0.0006504585    1
0.3043292027 0.0001551883 0.0017166019    5
0.3155247215 0.0002072302 0.0026932648    5
0.2658424362 0.0001436505 0.0015129482    5
0.1838263295 0.0000919823 0.0006093465    1
0.2416625793 0.0001503240 0.0015983311    5
0.4451908554 0.0001969566 0.0023737320    5
0.4458288017 0.0001366431 0.0012776691    5
0.4295775048 0.0000985267 0.0004505604    1
0.4627387879 0.0001403709 0.0014535445    5
0.4976181755 0.0001774634 0.0022972383    5
0.3681464783 0.0001335634 0.0013365073    5
0.2052919106 0.0000834452 0.0005555098    1
0.3396867201 0.0001387764 0.0016917698    5
0.3787921922 0.0001769013 0.0024859017    5
0.3678703835 0.0001349449 0.0014267123    5
0.2924816597 0.0001089017 0.0006259763    1
0.5131787773 0.0001494022 0.0015944752    5
0.5131787773 0.0001780787 0.0025075280    5
0.4252595400 0.0001267822 0.0015111373    5
0.2519447354 0.0000896186 0.0006229289    1
0.3306195179 0.0001672240 0.0016128064    5
0.5278997136 0.0002183952 0.0025748427    5
0.5278997136 0.0001482058 0.0014909756    5
0.4297387059 0.0000909689 0.0006621056    1
0.4358674644 0.0001481881 0.0016976045    5
0.5176189666 0.0001848235 0.0026685246    5
0.4698709421 0.0001375542 0.0015528256    5
0.3392795858 0.0000849951 0.0005910075    1
0.3924351655 0.0001390808 0.0016044821    5
0.4572895540 0.0001935532 0.0025523342    5
0.3606527399 0.0001305560 0.0013475650    5
0.2160163577 0.0000684680 0.0003942438    1
0.3218859397 0.0001161073 0.0015256961    5
0.3757329635 0.0001769866 0.0024911916    5
0.3615475577 0.0001128355 0.0014946965    5
0.2209476750 0.0000781364 0.0005628238    1
0.2646856530 0.0001312327 0.0014341047    5
0.3443710181 0.0001544767 0.0023647340    5
0.3443710181 0.0001267537 0.0014052993    5
0.2502318642 0.0001013464 0.0006407889    1
0.3313513280 0.0001636920 0.0016568648    5
0.3693845371 0.0002254631 0.0025065977    5
0.3693845371 0.0001396782 0.0014288887    5
0.1703847238 0.0000855515 0.0006170588    1
0.2552966594 0.0001351311 0.0018195541    5
0.3622505569 0.0001890835 0.0026443099    5
0.3039761619 0.0001253255 0.0014205274    5
0.2342392373 0.0000628922 0.0005168342    1
0.3446261222 0.0001208685 0.0017673212    5
0.3521478070 0.0001821675 0.0027634854    5
0.2589212238 0.0001312495 0.0015358438    5
0.2023448184 0.0000814395 0.0004880964    1
0.9397751168 0.0004093608 0.0019464849    6
1.0126990005 0.0004051744 0.0018723395    6
1.0405500214 0.0002623978 0.0012860675    6
0.9098788596 0.0002527853 0.0012183624    6
1.1394075010 0.0003611639 0.0019331671    6
1.1547841102 0.0003719669 0.0021561411    6
1.0406011517 0.0002466257 0.0013986365    6
0.6932811540 0.0002530884 0.0013852076    6
0.9702392665 0.0004252413 0.0021069825    6
0.9757437632 0.0004068031 0.0019710454    6
0.9674886316 0.0002616760 0.0012424065    6
0.6587383178 0.0002499294 0.0013601601    6
1.0591780453 0.0003717948 0.0021670049    6
1.0755113054 0.0003488276 0.0021368718    6
1.0508647715 0.0002251900 0.0011938294    6
0.7363012006 0.0002431961 0.0011482684    6
1.0382677662 0.0004060042 0.0020007226    6
1.0583432245 0.0003881551 0.0019395460    6
1.0323176567 0.0002537992 0.0011746036    6
0.7019717908 0.0002593862 0.0012837914    6
1.1085144593 0.0004169315 0.0019199339    6
1.1179973763 0.0003957609 0.0020044206    6
1.0538362348 0.0002394405 0.0013265826    6
0.7455724601 0.0002597499 0.0013450032    6
1.0925068114 0.0004074378 0.0019025882    6
1.1254780629 0.0003824451 0.0018448637    6
1.0989367279 0.0002499506 0.0010964683    6
0.7546445586 0.0002531906 0.0012142969    6
1.0207226258 0.0003957460 0.0020927903    6
1.0386497174 0.0003873883 0.0020714521    6
0.9354923110 0.0002534051 0.0013421299    6
0.6685521252 0.0002640461 0.0013377458    6
1.0967003714 0.0004019039 0.0021105019    6
1.1505332098 0.0003728756 0.0019331778    6
1.0913001494 0.0002525280 0.0010752407    6
0.7448157466 0.0002379257 0.0013494784    6
1.0729280139 0.0003543843 0.0021830976    6
1.0904255999 0.0003632853 0.0021296631    6
0.9553316225 0.0002331942 0.0012789737    6
0.6940394698 0.0002331633 0.0011975123    6
1.1393151556 0.0003974033 0.0018968197    6
1.1595820113 0.0003829689 0.0020756667    6
1.1515695725 0.0002400842 0.0013169553    6
0.9127834742 0.0002380071 0.0014330616    6
1.1212034945 0.0003960151 0.0021454181    6
1.1338664639 0.0003703971 0.0019552242    6
1.1189203394 0.0002523573 0.0012103202    6
0.8494581597 0.0002289635 0.0013756935    6
1.1023732186 0.0003649665 0.0023525312    6
1.1171521969 0.0003472896 0.0021584154    6
1.0091605083 0.0002281989 0.0012016822    6
0.8090109895 0.0002436404 0.0012019568    6
1.1309008250 0.0003771585 0.0021965264    6
1.1590234764 0.0003413263 0.0021729366    6
1.1128615786 0.0002244180 0.0012506781    6
0.8833103629 0.0002393183 0.0012650226    6
1.1403614533 0.0004044382 0.0021404984    6
1.1663591424 0.0003960187 0.0020224811    6
1.1465783667 0.0002408568 0.0011728403    6
0.8301223593 0.0002131565 0.0013748227    6
1.1078743850 0.0003453357 0.0022836689    6
1.1271942836 0.0003459764 0.0021532807    6
1.0536878119 0.0002316385 0.0012868224    6
0.6853775295 0.0002446812 0.0012369780    6
1.0965372331 0.0003701945 0.0020771195    6
1.1155452420 0.0003785832 0.0019594867    6
1.1377933792 0.0002526513 0.0013005828    6
0.8535574378 0.0002406999 0.0014659612    6
1.0252606226 0.0003710935 0.0020998057    6
1.0573642326 0.0003525762 0.0019237600    6
0.9621974064 0.0002244740 0.0012832951    6
0.6649619191 0.0002648308 0.0014224091    6
1.0830267228 0.0004004615 0.0020383642    6
1.1113796746 0.0003637116 0.0018518323    6
1.0347803592 0.0002288766 0.0011409274    6
0.6736517991 0.0002416097 0.0012114442    6
0.9380072085 0.0003887619 0.0020792691    6
0.9779398426 0.0003747734 0.0020290442    6
0.9386631012 0.0002463810 0.0011229250    6
3.0377481968 0.0000784061 0.0008466907    2
2.9209709506 0.0000827706 0.0007383409    2
0.6359224396 0.0000838474 0.0006088166    1
2.9347226058 0.0000836851 0.0007279366    2
3.2140431063 0.0000867919 0.0008394974    2
2.9928327775 0.0000781479 0.0006743023    2
0.5030459694 0.0000746439 0.0005558211    1
2.9937136497 0.0000772223 0.0007205641    2
3.0071706948 0.0000947973 0.0008719990    2
3.0060218816 0.0001014437 0.0006361447    2
0.5199868694 0.0000942025 0.0004956285    1
2.8184875570 0.0000795575 0.0006580226    2
3.0374923246 0.0000819354 0.0008747045    2
2.8850728702 0.0000630795 0.0007260094    2
0.6080493397 0.0000614246 0.0005221457    1
2.7103240712 0.0000585014 0.0006640067    2
2.8518767812 0.0000658290 0.0007862236    2
2.8145275417 0.0000620095 0.0005829185    2
0.4914589301 0.0000703573 0.0004933157    1
2.7942975001 0.0000671805 0.0006763144    2
3.0745503196 0.0000890453 0.0008786940    2
2.9794262186 0.0001083163 0.0007028523    2
0.5412832956 0.0000961003 0.0005750442    1
2.8677550764 0.0000797513 0.0006543118    2
2.9377246223 0.0000727180 0.0008580015    2
2.9064090918 0.0000676370 0.0006936617    2
0.5453209768 0.0000674695 0.0005187766    1
2.8611449622 0.0000764771 0.0006936009    2
2.9764884896 0.0000828020 0.0008554236    2
2.9439825602 0.0000883669 0.0006688271    2
0.4199388557 0.0000838727 0.0005521014    1
2.8465470892 0.0000691799 0.0006905129    2
3.0589177245 0.0000686213 0.0008502423    2
2.9584600769 0.0000691970 0.0006292340    2
0.6532224672 0.0000896497 0.0004358807    1
2.6793990194 0.0000695842 0.0006043500    2
2.9309212444 0.0000587434 0.0008554219    2
2.9309212444 0.0000747186 0.0006536398    2
0.4343022480 0.0000756703 0.0005023207    1
2.8488840576 0.0000606877 0.0006908925    2
3.0447180478 0.0000688437 0.0009086934    2
3.0040234023 0.0000864442 0.0007820431    2
0.5737249218 0.0000958864 0.0005617911    1
3.0015468603 0.0000854629 0.0007738960    2
3.1115164920 0.0000811374 0.0009274804    2
2.9868202394 0.0000826694 0.0006482657    2
0.5776787802 0.0000796124 0.0005549446    1
3.0307134133 0.0000789667 0.0006604374    2
3.1694059399 0.0000768034 0.0009110053    2
3.1198082430 0.0000857829 0.0007137628    2
0.5034209080 0.0000840584 0.0005899051    1
2.8822613855 0.0000754642 0.0006700853    2
3.0933902528 0.0000810418 0.0008186165    2
2.7892824124 0.0000896427 0.0007161711    2
0.5058115806 0.0000699859 0.0004864865    1
2.8055862431 0.0000765285 0.0005873959    2
2.9887801668 0.0000662601 0.0008031805    2
2.9887801668 0.0000630808 0.0005510752    2
0.6340078922 0.0000576020 0.0003480553    1
2.8039722910 0.0000520261 0.0005854542    2
3.0674074349 0.0000734886 0.0008324751    2
2.8907973792 0.0000686013 0.0006785694    2
0.4640320273 0.0000725313 0.0004903212    1
2.7740108848 0.0000563098 0.0006447320    2
2.9902737856 0.0000643465 0.0007903658    2
2.9902737856 0.0000879992 0.0006375243    2
0.6859136800 0.0000887012 0.0005753480    1
2.7737024942 0.0000797559 0.0007016590    2
3.0459018308 0.0000750319 0.0008141049    2
2.9645378865 0.0000717216 0.0006329095    2
0.4043602692 0.0000749584 0.0005330001    1
2.8541859552 0.0000684859 0.0007271206    2
3.0274838838 0.0000743082 0.0008674390    2
2.9344684964 0.0000718623 0.0006247639    2
0.4649593768 0.0000558640 0.0004571576    1
2.7674485654 0.0000444326 0.0007102896    2
2.8799238332 0.0000493527 0.0009103803    2
2.8481761450 0.0000679220 0.0006779898    2
0.4852804761 0.0000662904 0.0003785736    1
0.8604307531 0.0001363262 0.0009020599    3
0.8604307531 0.0001026496 0.0007470616    3
0.2501992443 0.0000753215 0.0005425239    1
0.7201859101 0.0001136962 0.0008573872    3
0.9484188884 0.0001357163 0.0010029989    3
0.8099128806 0.0000953532 0.0007207378    3
0.3263422809 0.0000644748 0.0004864685    1
0.7250326643 0.0001082031 0.0007242576    3
0.8970245155 0.0001500136 0.0009030740    3
0.8529282553 0.0001167717 0.0006139243    3
0.3587670038 0.0000825893 0.0004345513    1
0.7670088568 0.0001013465 0.0006880806    3
0.8725803115 0.0001219733 0.0009185295    3
0.8391364794 0.0000833896 0.0007242663    3
0.2931888861 0.0000542870 0.0005010160    1
0.8893720585 0.0000868067 0.0006432683    3
0.9355276268 0.0001169463 0.0008192392    3
0.8680183228 0.0000870841 0.0005801452    3
0.3149891610 0.0000625859 0.0004482006    1
0.9095791014 0.0000923958 0.0007063666    3
0.9569971110 0.0001321588 0.0009435413    3
0.8114542351 0.0001173689 0.0006849550    3
0.2711517974 0.0000878461 0.0004869283    1
0.7746087821 0.0001168269 0.0006786985    3
0.8150186830 0.0001346959 0.0009285332    3
0.8094593097 0.0000896012 0.0006674624    3
0.3066777310 0.0000681553 0.0005912046    1
0.7606836943 0.0001023081 0.0006680253    3
0.8169689151 0.0001261386 0.0008291567    3
0.7750660095 0.0001014830 0.0006437951    3
0.2311727132 0.0000724799 0.0004908429    1
0.7690003857 0.0000946658 0.0007343495    3
0.8192033955 0.0001180816 0.0009236867    3
0.7500438320 0.0000909776 0.0006287936    3
0.4047407544 0.0000807172 0.0003534449    1
0.9311941816 0.0000972031 0.0006958808    3
0.9311941816 0.0001064118 0.0009889721    3
0.7809004307 0.0000908613 0.0006537164    3
0.2336977346 0.0000690009 0.0004546282    1
0.7441048553 0.0000868561 0.0007207426    3
0.7441048553 0.0001213432 0.0009846522    3
0.7274722659 0.0001078550 0.0007775374    3
0.2344198877 0.0000888961 0.0005088126    1
0.6766047047 0.0001162528 0.0007104217    3
0.8017854765 0.0001247298 0.0008574835    3
0.7691440795 0.0000921512 0.0006257652    3
0.2575013994 0.0000746503 0.0004754149    1
0.6821259790 0.0000886334 0.0006607716    3
0.6821259790 0.0001093929 0.0008985922    3
0.5625284906 0.0000973651 0.0006950271    3
0.3808054991 0.0000738877 0.0005407417    1
0.7167246816 0.0000876527 0.0006701578    3
0.9845810944 0.0001071845 0.0007491522    3
0.8885669876 0.0000963160 0.0006691187    3
0.2184281871 0.0000744800 0.0005171908    1
0.7791379852 0.0000985850 0.0006764950    3
0.7791379852 0.0001119521 0.0009158155    3
0.7257948694 0.0000857868 0.0005709335    3
0.1700385307 0.0000615756 0.0003618549    1
0.8200700913 0.0000758170 0.0005853099    3
0.9116451348 0.0001067817 0.0008018709    3
0.7921528739 0.0000784211 0.0006294616    3
0.2295524645 0.0000638472 0.0004846737    1
0.8900682461 0.0000849990 0.0006471809    3
0.9086524613 0.0001164988 0.0008136679    3
0.7122003900 0.0001141704 0.0006149659    3
0.1962740520 0.0000825358 0.0005454425    1
0.8257805320 0.0001065766 0.0007631936    3
0.9065196375 0.0001107570 0.0008346869    3
0.8252969061 0.0000765538 0.0005867961    3
0.2473929649 0.0000731280 0.0005237847    1
0.8641195293 0.0000945752 0.0007883245    3
0.8772225331 0.0001052549 0.0009907391    3
0.8310490500 0.0000732705 0.0006693282    3
0.2824007674 0.0000541011 0.0004378474    1
0.8514514921 0.0000743029 0.0007784658    3
0.9244199713 0.0000994858 0.0010884805    3
0.8490365766 0.0000900974 0.0007611313    3
0.2065579559 0.0000715622 0.0004352708    1
0.2823725682 0.0003049862 0.0043307517    4
0.2228135111 0.0002260485 0.0041537578    4
0.2855763848 0.0001297613 0.0022894198    4
0.3019857870 0.0001344481 0.0022850813    4
0.3652555979 0.0002396597 0.0051846012    4
0.3639041891 0.0002380005 0.0055818141    4
0.3279331349 0.0001325840 0.0027605499    4
0.3498474652 0.0001477928 0.0024952259    4
0.3989592688 0.0003021100 0.0056909090    4
0.3664593214 0.0002973066 0.0059018412    4
0.3572683277 0.0001618400 0.0026069698    4
0.2981334056 0.0001484055 0.0021254576    4
0.2672657198 0.0002502117 0.0035244319    4
0.3707367651 0.0002597137 0.0036808217    4
0.3842249030 0.0001507170 0.0020312478    4
0.3278478912 0.0001825525 0.0030988449    4
0.3068459670 0.0002913660 0.0051257913    4
0.3413827117 0.0002358180 0.0046983693    4
0.2898431396 0.0001115760 0.0022727320    4
0.2190150220 0.0001181967 0.0016747441    4
0.2625539232 0.0001895358 0.0040291432    4
0.3108441957 0.0001928775 0.0045580558    4
0.2970982076 0.0001221446 0.0022739015    4
0.2915914769 0.0001645276 0.0030320656    4
0.3430906144 0.0002366280 0.0051280956    4
0.3452111335 0.0002112265 0.0038924525    4
0.3089904690 0.0001455888 0.0017780615    4
0.1804634601 0.0001287661 0.0023164508    4
0.2549318047 0.0002145665 0.0050386106    4
0.2946451166 0.0002252875 0.0056691063    4
0.2646259947 0.0001338268 0.0028254548    4
0.2097626026 0.0001360040 0.0033736633    4
0.2966628372 0.0001846703 0.0052091253    4
0.3854848001 0.0001689942 0.0036814398    4
0.4567092100 0.0001134519 0.0016384910    4
0.4220536670 0.0001777846 0.0033107866    4
0.3638634625 0.0002756251 0.0055335170    4
0.3461179787 0.0002543154 0.0062468549    4
0.2621468241 0.0001415060 0.0032127690    4
0.2410424874 0.0001447159 0.0030521073    4
0.2432520358 0.0002786505 0.0058802861    4
0.2445307661 0.0002621739 0.0056369434    4
0.2657776154 0.0001607101 0.0028584105    4
0.4029459984 0.0001733711 0.0026603590    4
0.3458011876 0.0003177763 0.0058668040    4
0.3192381052 0.0003101853 0.0059864896    4
0.2692494726 0.0001579598 0.0028873705    4
0.3349643688 0.0001306255 0.0028351901    4
0.3844933225 0.0002123508 0.0049879459    4
0.4292983067 0.0002221386 0.0046493965    4
0.4292983067 0.0001278404 0.0019544958    4
0.2549251548 0.0001322145 0.0019019630    4
0.2816520993 0.0002168040 0.0032711509    4
0.3062678798 0.0001993923 0.0029127652    4
0.2625302212 0.0001244377 0.0018853075    4
0.2284343745 0.0001645207 0.0029026097    4
0.2414888529 0.0002793486 0.0051773053    4
0.2751662053 0.0002613069 0.0049912526    4
0.2602724147 0.0001224535 0.0022307794    4
0.2190576649 0.0001344465 0.0023831888    4
0.2406232174 0.0002175711 0.0044776895    4
0.2554975595 0.0002006375 0.0035823798    4
0.2342578265 0.0001289825 0.0017008883    4
0.2856191139 0.0001381742 0.0022441267    4
0.3038096408 0.0001755514 0.0038933078    4
0.3475143655 0.0001783197 0.0045674244    4
0.2899434931 0.0001370140 0.0025037437    4
0.2859470514 0.0001890900 0.0033552326    4
0.2862553406 0.0002894097 0.0061057213    4
0.2587940555 0.0002141748 0.0042931283    4
0.1883668900 0.0001144051 0.0017008979    4
0.1738552055 0.0001243041 0.0026280189    4
0.2803332647 0.0002120707 0.0050416000    4
0.3180044042 0.0002263907 0.0049187329    4
0.2376270446 0.0001166002 0.0023130127    4
0.3197048043 0.0001831969 0.0032203349    4
0.3855379480 0.0003347098 0.0070200098    4
0.3593514863 0.0002950614 0.0063812386    4
0.2681282361 0.0001537629 0.0024422301    4
0.4188384983 0.0001640609 0.0021011179    5
0.3526522295 0.0001176601 0.0012111737    5
0.3030334823 0.0000782508 0.0005637022    1
0.4241056567 0.0001011056 0.0014037947    5
0.5053738286 0.0001341969 0.0020696598    5
0.3851612128 0.0001025323 0.0011897441    5
0.2618638387 0.0000691253 0.0005160869    1
0.3196759082 0.0001177128 0.0013506089    5
0.3846610762 0.0001752513 0.0020407349    5
0.3433128120 0.0001331197 0.0010986083    5
0.3394525709 0.0000883029 0.0004605420    1
0.3537737052 0.0001261067 0.0013631515    5
0.3299009656 0.0001577720 0.0020764010    5
0.3698834723 0.0000935070 0.0012370040    5
0.3847536152 0.0000561259 0.0004954381    1
0.3444985485 0.0001052181 0.0013306407    5
0.3922825484 0.0001551673 0.0019573913    5
0.3303508988 0.0001012578 0.0010698480    5
0.2238845032 0.0000650933 0.0004615596    1
0.2505936795 0.0001180655 0.0014873042    5
0.4247813714 0.0001747151 0.0022215673    5
0.4247813714 0.0001397545 0.0012438840    5
0.3238003462 0.0000914038 0.0005305076    1
0.2901475472 0.0001194196 0.0013480453    5
0.2901475472 0.0001586214 0.0020582255    5
0.3252258132 0.0001021162 0.0011833029    5
0.2811065007 0.0000644818 0.0005449255    1
0.2531276954 0.0001309619 0.0014325850    5
0.2827483788 0.0001727793 0.0022161291    5
0.2243576262 0.0001207775 0.0012456272    5
0.1737254449 0.0000778266 0.0005108591    1
0.2333444346 0.0001258617 0.0013142169    5
0.4229030989 0.0001638831 0.0019570653    5
0.4443809486 0.0001135458 0.0010573404    5
0.4937301314 0.0000843572 0.0003926560    1
0.5258940102 0.0001169540 0.0012041549    5
0.5271789181 0.0001475101 0.0018976269    5
0.3854644941 0.0001126432 0.0010864617    5
0.1833521856 0.0000704665 0.0004649066    1
0.3481210491 0.0001155339 0.0013933704    5
0.3815851920 0.0001476472 0.0020455013    5
0.3088182387 0.0001135713 0.0011800029    5
0.2731455384 0.0000910412 0.0005198957    1
0.5143111233 0.0001243823 0.0013147203    5
0.5143111233 0.0001488010 0.0020623543    5
0.3771389243 0.0001087117 0.0012180124    5
0.2416946227 0.0000746258 0.0005127695    1
0.2884979772 0.0001403351 0.0013376581    5
0.4408844975 0.0001817338 0.0021259778    5
0.4408844975 0.0001257198 0.0012244823    5
0.4248134557 0.0000789427 0.0005570635    1
0.4006875939 0.0001228761 0.0013997090    5
0.4817038254 0.0001539740 0.0021971599    5
0.3908702497 0.0001158500 0.0012773106    5
0.2840175147 0.0000692092 0.0004755247    1
0.3310179181 0.0001150844 0.0013262425    5
0.3529065294 0.0001604792 0.0021109771    5
0.3314062230 0.0001087090 0.0011014155    5
0.2448052248 0.0000565461 0.0003246360    1
0.3077809510 0.0000966708 0.0012558482    5
0.3645471590 0.0001462449 0.0020679292    5
0.3031285452 0.0000940683 0.0012210100    5
0.1746086002 0.0000666310 0.0004654974    1
0.2595022761 0.0001084877 0.0011764987    5
0.3643195497 0.0001286331 0.0019495544    5
0.3631947821 0.0001052731 0.0011476871    5
0.2953617033 0.0000850223 0.0005359049    1
0.3541233452 0.0001365702 0.0013625727    5
0.4162416987 0.0001865930 0.0020747062    5
0.3464760275 0.0001176185 0.0011749844    5
0.1646468239 0.0000703159 0.0005001819    1
0.2539352213 0.0001126029 0.0015025753    5
0.3225652393 0.0001582191 0.0021726778    5
0.3024088709 0.0001061649 0.0011625164    5
0.2346442268 0.0000522675 0.0004236338    1
0.3464504284 0.0001005390 0.0014564749    5
0.3464504284 0.0001516111 0.0022774463    5
0.2379957218 0.0001090863 0.0012582394    5
0.2174597055 0.0000668098 0.0003897031    1
1.0535362495 0.0003406231 0.0016045467    6
1.0822347394 0.0003372936 0.0015442660    6
1.2471195209 0.0002188366 0.0010564825    6
0.9800641950 0.0002044321 0.0009778425    6
1.1146718223 0.0003040693 0.0016142893    6
1.1327647692 0.0003093105 0.0017778410    6
1.0862237425 0.0002055828 0.0011460098    6
0.6962440549 0.0002046807 0.0011182321    6
1.0803306107 0.0003537190 0.0017413058    6
1.0787316765 0.0003390587 0.0016215084    6
1.1824865814 0.0002173389 0.0010127181    6
0.8068937424 0.0002038518 0.0011153098    6
1.1108705872 0.0003120621 0.0018038426    6
1.1319645968 0.0002902694 0.0017646481    6
1.1385880667 0.0001881369 0.0009808992    6
0.7161321355 0.0001990801 0.0009459922    6
0.9941473176 0.0003390698 0.0016542567    6
1.0137228230 0.0003231873 0.0015981107    6
1.1398765725 0.0002115378 0.0009665551    6
0.7218677565 0.0002121201 0.0010526417    6
1.1585767618 0.0003462297 0.0015750478    6
1.1697590882 0.0003296071 0.0016569274    6
1.1345667777 0.0001992344 0.0010885222    6
0.7050542581 0.0002094964 0.0010927276    6
1.0600926160 0.0003393476 0.0015681928    6
1.0987509472 0.0003180640 0.0015281451    6
1.1824004079 0.0002102603 0.0009143353    6
0.7261513788 0.0002064621 0.0010053190    6
0.9647861438 0.0003295119 0.0017250996    6
0.9857472064 0.0003220784 0.0017023166    6
1.0309307889 0.0002110204 0.0010929470    6
0.7012713176 0.0002158322 0.0010908135    6
1.1122066668 0.0003350718 0.0017388576    6
1.1296994935 0.0003104279 0.0015905284    6
1.1075039913 0.0002104083 0.0008818737    6
0.8187562413 0.0001938663 0.0010944396    6
1.0622118991 0.0002958569 0.0018024074    6
1.0828528395 0.0003024699 0.0017567254    6
1.0434825450 0.0001946769 0.0010539886    6
0.7131214327 0.0001928418 0.0009873286    6
1.1306748984 0.0003306786 0.0015573495    6
1.1549734285 0.0003188795 0.0017100175    6
1.2176437255 0.0002004672 0.0010811681    6
0.8940067450 0.0001953544 0.0011802231    6
1.1428451955 0.0003294695 0.0017747291    6
1.1601301648 0.0003086502 0.0016139545    6
1.2019656956 0.0002109713 0.0009857671    6
0.8080534198 0.0001882534 0.0011270778    6
1.1041678392 0.0003043320 0.0019440241    6
1.1041678392 0.0002892106 0.0017830963    6
1.0622044874 0.0001899922 0.0009949633    6
0.8964911460 0.0001977990 0.0009821489    6
1.0461756760 0.0003143228 0.0018139587    6
1.0739002138 0.0002841426 0.0017884872    6
1.0681306786 0.0001877114 0.0010299492    6
0.7768773264 0.0001961634 0.0010362144    6
1.1165756013 0.0003380417 0.0017749664    6
1.1455115336 0.0003297574 0.0016755143    6
1.3030960520 0.0002020917 0.0009705857    6
0.8922316347 0.0001731346 0.0011201645    6
1.0453259865 0.0002897987 0.0018934903    6
1.0664257548 0.0002878501 0.0017751424    6
1.0394735308 0.0001932065 0.0010613973    6
0.5810934396 0.0002007035 0.0010120147    6
1.1223507297 0.0003085865 0.0017139810    6
1.1442133258 0.0003150840 0.0016114956    6
1.3480501266 0.0002107234 0.0010684076    6
0.9332155442 0.0001954983 0.0011978281    6
0.9987599084 0.0003107716 0.0017458883    6
1.0267353730 0.0002932315 0.0015871759    6
1.0007401754 0.0001871318 0.0010608529    6
0.6776609313 0.0002165288 0.0011651407    6
1.0318725848 0.0003325711 0.0016754426    6
1.0638697859 0.0003027739 0.0015208321    6
1.0516674515 0.0001922183 0.0009231955    6
0.6714005719 0.0001973116 0.0009904167    6
0.9165584254 0.0003240693 0.0017203072    6
0.9555280638 0.0003118952 0.0016764100    6
1.0259155318 0.0002067709 0.0009286393    6
