f p1 p2 p3 p4 p5 p6 p7 p8 p9 p10 p11 p12
   1 179.9619653512 179.9619653512 179.9613411008  180 359.9863908934 359.9863908934 179.9847282076  180 359.9423718675 179.9423718675 360.0242898188 180.0242898188
   1 179.9569443544 179.9569443544 179.9562383320  180 359.9845778849 359.9845778849 179.9827227931  180 359.9384487970 179.9384487970 360.0237691451 180.0237691451
   1 179.9312089647 179.9312089647 179.9300856154  180 359.9754390286 359.9754390286 179.9724741343  180 359.9200122750 179.9200122750 360.0194638466 180.0194638466
   1 179.8899715538 179.8899715538 179.8881849918  180 359.9608884042 359.9608884042 179.9561444990  180 359.8936671433 179.8936671433 360.0095101936 180.0095101936
   2 179.8237503627 179.8237503627 179.8209107516  180 359.9377257226 359.9377257226 179.9301236802  180 359.8552211033 179.8552211033 359.9900283207 179.9900283207
   2 179.7170878660 179.7170878660 179.7125782142  180 359.9008633789 359.9008633789 179.8886551890  180 359.7980669889 179.7980669889 359.9547397765 179.9547397765
   2 179.5445637848 179.5445637848 179.5374098792  180 359.8422196317 359.8422196317 179.8225558946  180 359.7117474437 179.7117474437 359.8935136097 179.8935136097
   3 179.2638627628 179.2638627628 179.2525312624  179 359.7489702145 359.7489702145 179.7171649210  180 359.5796485034 179.5796485034 359.7900296255 179.7900296255
   3 178.8033382866 178.8033382866 178.7854263148  179 359.6007960554 359.6007960554 179.5490463040  180 359.3752766227 179.3752766227 359.6180066945 179.6180066945
   4 178.0387573776 178.0387573776 178.0105217868  178 359.3655731617 359.3655731617 179.2806571751  179 359.0562105740 179.0562105740 359.3350809820 179.3350809820
   4 176.7474064958 176.7474064958 176.7030640865  177 358.9940941764 358.9940941764 178.8516447835  179 358.5541864084 178.5541864084 358.8727864160 178.8727864160
   4 176.6429197397 176.6429197397 176.5973356882  177 358.9651250377 358.9651250377 178.8180788099  179 358.5151438956 178.5151438956 358.8364752605 178.8364752605
   5 174.6425732326 174.6425732326 174.5746709075  175 358.4378286708 358.4378286708 178.2031457128  178 357.8032753580 177.8032753580 358.1628981181 178.1628981181
   6 171.8043496977 171.8043496977 171.7085542287  172 357.7627949572 357.7627949572 177.4045106287  177 356.8841714346 176.8841714346 357.2786415171 177.2786415171
   6 167.9133559742 167.9133559742 167.7844919097  168 356.9397337944 356.9397337944 176.4151725323  176 355.7488507636 175.7488507636 356.1741920189 176.1741920189
   7 162.7549448844 162.7549448844 162.5886677624  163 355.9761150345 355.9761150345 175.2411347125  175 354.4007188728 174.4007188728 354.8527833017 174.8527833017
   7 156.1709773597 156.1709773597 155.9640970187  156 354.8821303013 354.8821303013 173.9044509937  174 352.8553129213 172.8553129213 353.3300633254 173.3300633254
   8 148.1643556534 148.1643556534 147.9150183544  148 353.6638712123 353.6638712123 172.4462452193  172 351.1388074719 171.1388074719 351.6325090925 171.6325090925
   8 139.0241777504 139.0241777504 138.7319016262  139 352.3210889749 352.3210889749 170.9245786450  171 349.2856034083 169.2856034083 349.7949314630 169.7949314630
   9 129.3631172744 129.3631172744 129.0286977963  129 350.8575540308 350.8575540308 169.3997312061  169 347.3353600660 167.3353600660 347.8574407652 167.8574407652
   9 118.5670040573 118.5670040573 118.1863227276  118 349.0512687289 349.0512687289 167.6866019277  168 345.0175846080 165.0175846080 345.5513961209 165.5513961209
  10 105.9350649000 105.9350649000 105.4972049715  105 346.5049716732 346.5049716732 165.4450265929  165 341.8326933601 161.8326933601 342.3784609027 162.3784609027
  10 103.8404063904 103.8404063904 103.3923898128  103 346.0145825405 346.0145825405 165.0219669334  165 341.2216812677 161.2216812677 341.7693278731 161.7693278731
  11 92.8489920541 92.8489920541 92.3425692803   92 342.9351443033 342.9351443033 162.3493504987  162 337.3572556089 157.3572556089 337.9145126527 157.9145126527
  11 90.2368573060 90.2368573060 89.7149749049   90 342.0304836763 342.0304836763 161.5501324444  162 336.2088272852 156.2088272852 336.7683232284 156.7683232284
  12 79.8150975886 79.8150975886 79.2245411284   79 337.2396969080 337.2396969080 157.1846818501  157 330.0349002564 150.0349002564 330.6030453281 150.6030453281
  12 72.9311635061 72.9311635061 72.2935801573   72 332.1675943212 332.1675943212 152.3746884294  152 323.4237730928 143.4237730928 323.9968033669 143.9968033669
  13 67.8043536992 67.8043536992 67.1467385892   67 326.2456239521 326.2456239521 146.6233057737  147 315.7867167287 135.7867167287 316.3618058749 136.3618058749
  14 64.6210680391 64.6210680391 64.0472214741   64 320.8023933632 320.8023933632 141.2667338476  141 308.9966365342 128.9966365342 309.5710812288 129.5710812288
  14 64.1702548798 64.1702548798 63.5322490389   64 319.8926794038 319.8926794038 140.3715029408  140 307.8618268586 127.8618268586 308.4361638475 128.4361638475
  14 63.5591863446 63.5591863446 62.9304934916   63 318.5537134412 318.5537134412 139.0474432649  139 306.2388959549 126.2388959549 306.8127712736 126.8127712736
  15 61.0855821401 61.0855821401 60.5771961409   61 312.0149219105 312.0149219105 132.5593669695  133 298.6219735928 118.6219735928 299.1921960625 119.1921960625
  15 60.7680335502 60.7680335502 60.2222578638   60 311.0287025535 311.0287025535 131.5807967853  132 297.4731441433 117.4731441433 298.0428156687 118.0428156687
  16 60.0958526373 60.0958526373 59.5837625983   60 308.7956597726 308.7956597726 129.3590285564  129 294.9933773707 114.9933773707 295.5613234522 115.5613234522
  17 58.1811521705 58.1811521705 57.8403528373   58 301.3343063623 301.3343063623 121.9212688752  122 287.1542403393 107.1542403393 287.7147828697 107.7147828697
  17 57.9568356017 57.9568356017 57.6028949039   58 300.3180463869 300.3180463869 120.9082224405  121 286.0865250378 106.0865250378 286.6460591810 106.6460591810
  17 57.2660156814 57.2660156814 56.9821387354   57 297.0870772374 297.0870772374 117.6824519512  118 282.8943471296 102.8943471296 283.4498863793 103.4498863793
  18 55.7655484917 55.7655484917 55.6848554676   56 289.2642368169 289.2642368169 109.8631318254  110 275.6124521160 95.6124521160 276.1561248901 96.1561248901
  18 55.6040134196 55.6040134196 55.5250780155   56 288.3007514001 288.3007514001 108.9000799791  109 274.7155912221 94.7155912221 275.2578024841 95.2578024841
  19 54.9079700168 54.9079700168 54.9254641060   55 284.2403112414 284.2403112414 104.8371586209  105 271.1530630747 91.1530630747 271.6877081323 91.6877081323
  20 53.6886490559 53.6886490559 53.8845313656   54 276.8436809830 276.8436809830 97.4290893521   97 264.9636991352 84.9636991352 265.4814515404 85.4814515404
  21 53.5663358136 53.5663358136 53.7683316613   54 276.0179924294 276.0179924294 96.6021238577   97 264.2727781645 84.2727781645 264.7886448366 84.7886448366
  22 52.8408039089 52.8408039089 53.1312825883   53 271.5246105138 271.5246105138 92.0973157369   92 260.6603873567 80.6603873567 261.1635668478 81.1635668478
  23 51.7544359348 51.7544359348 52.1521505907   52 265.1114119244 265.1114119244 85.6613512241   86 255.6303124858 75.6303124858 256.1113044540 76.1113044540
  23 51.6505175304 51.6505175304 52.0527175349   52 264.4601371886 264.4601371886 85.0077645575   85 255.1194970734 75.1194970734 255.5982358487 75.5982358487
  25 50.8016095338 50.8016095338 51.2541105976   51 259.8698896236 259.8698896236 80.3959927089   80 251.5691232386 71.5691232386 252.0283853328 72.0283853328
  27 49.6603037419 49.6603037419 50.1456533610   50 254.4905462858 254.4905462858 74.9852855396   75 247.4116291433 67.4116291433 247.8435655031 67.8435655031
  27 49.5550324924 49.5550324924 50.0426751840   50 253.9907931584 253.9907931584 74.4826186415   74 247.0253885660 67.0253885660 247.4547863035 67.4547863035
  27 49.3806848790 49.3806848790 49.8703485255   50 253.2703239431 253.2703239431 73.7369869566   74 246.4503295501 66.4503295501 246.8758557914 66.8758557914
  32 46.6066255045 46.6066255045 47.0766013415   47 243.6285135078 243.6285135078 64.0297655402   64 238.8399177065 58.8399177065 239.2054355663 59.2054355663
  37 42.9913883660 42.9913883660 43.3867301197   43 234.8099923368 234.8099923368 55.1364419331   55 231.5496671434 51.5496671434 231.8461893002 51.8461893002
  43 38.1626846927 38.1626846927 38.4608241851   38 225.9030879405 225.9030879405 46.1500103197   46 223.8132672225 43.8132672225 224.0389865997 44.0389865997
  50 31.7651309190 31.7651309190 31.9621524366   32 216.2804790806 216.2804790806 36.4472015870   36 215.0889612074 35.0889612074 215.2444554881 35.2444554881
  59 23.4913537768 23.4913537768 23.5974220184   24 205.5820843145 205.5820843145 25.6732126625   26 205.0422112725 25.0422112725 205.1321076378 25.1321076378
  69 13.2172037859 13.2172037859 13.2553025033   13 193.7798572583 193.7798572583 13.8085869000   14 193.6336786612 13.6336786612 193.6699837201 13.6699837201
  80 1.2399058302 1.2399058302 1.2417083645    1 181.2552935543 181.2552935543 1.2457493499    1 181.2429661723 1.2429661723 181.2477543693 1.2477543693
  94 -11.5684414763 -11.5684414763 -11.5725588968  -12 168.7236146940 168.7236146940 -11.2860748926  -11 168.6493651804 -11.3506348196 168.6504126979 -11.3495873021
 100 -16.7084591860 -16.7084591860 -16.7087743127  -17 163.8383267972 163.8383267972 -16.1615036663  -16 163.7079923346 -16.2920076654 163.7084908546 -16.2915091454
 110 -24.0086152032 -24.0086152032 -23.9997388435  -24 156.9930196754 156.9930196754 -23.0111669938  -23 156.7441881967 -23.2558118033 156.7594917306 -23.2405082694
 128 -35.1167455780 -35.1167455780 -35.0895937679  -35 146.5717056817 146.5717056817 -33.4110035584  -33 146.1615008004 -33.8384991996 146.2012717063 -33.7987282937
 150 -44.4885685118 -44.4885685118 -44.4464525894  -44 137.6517213956 137.6517213956 -42.3129727644  -42 137.1347042004 -42.8652957996 137.1905733961 -42.8094266039
 175 -52.1712996332 -52.1712996332 -52.1202790901  -52 130.1632815800 130.1632815800 -49.7905015689  -50 129.5993483413 -50.4006516587 129.6630040769 -50.3369959231
 204 -58.4131495873 -58.4131495873 -58.3587392713  -58 123.9220834359 123.9220834359 -56.0271661167  -56 123.3569360321 -56.6430639679 123.4218497508 -56.5781502492
 238 -63.4943217042 -63.4943217042 -63.4404575204  -63 118.7219466043 118.7219466043 -61.2271854441  -61 118.1843794836 -61.8156205164 118.2465247779 -61.7534752221
 278 -67.6584422429 -67.6584422429 -67.6075366459  -68 114.3763316521 114.3763316521 -65.5753139607  -66 113.8817729386 -66.1182270614 113.9390578243 -66.0609421757
 325 -71.0982461160 -71.0982461160 -71.0515679730  -71 110.7300115857 110.7300115857 -69.2255067107  -69 110.2849041512 -69.7150958488 110.3364741492 -69.6635258508
 380 -73.9611827365 -73.9611827365 -73.9192397022  -74 107.6579987148 107.6579987148 -72.3019405428  -72 107.2632894900 -72.7367105100 107.3090094894 -72.6909905106
 443 -76.3594168362 -76.3594168362 -76.3222491347  -76 105.0605489674 105.0605489674 -74.9038783166  -75 104.7140809682 -75.2859190318 104.7542037175 -75.2457962825
 518 -78.3789325570 -78.3789325570 -78.3463146792  -78 102.8578433970 102.8578433970 -77.1108723312  -77 102.5558786763 -77.4441213237 102.5908460585 -77.4091539415
 605 -80.0865549673 -80.0865549673 -80.0581256910  -80 100.9854937443 100.9854937443 -78.9871770319  -79 100.7236379635 -79.2763620365 100.7539663015 -79.2460336985
 706 -81.5350373641 -81.5350373641 -81.5103798325  -82 99.3910503648 99.3910503648 -80.5851875847  -81 99.1647907483 -80.8352092517 99.1910068611 -80.8089931389
 825 -82.7666643759 -82.7666643759 -82.7453532987  -83 98.0313760185 98.0313760185 -81.9480324417  -82 97.8363781742 -82.1636218258 97.8589854221 -82.1410145779
 964 -83.8157961673 -83.8157961673 -83.7974241264  -84 96.8702189838 96.8702189838 -83.1115114604  -83 96.7029451361 -83.2970548639 96.7224069351 -83.2775930649
1000 -84.0427410008 -84.0427410008 -84.0250143387  -84 96.6187517259 96.6187517259 -83.3634703334  -83 96.4575633523 -83.5424366477 96.4753703972 -83.5246296028
1125 -84.7106797667 -84.7106797667 -84.6948706020  -85 95.8790854346 95.8790854346 -84.1055515935  -84 95.7349850091 -84.2650149909 95.7515023599 -84.2484976401
1314 -85.4747581939 -85.4747581939 -85.4611726117  -85 95.0314445466 95.0314445466 -84.9553133932  -85 94.9077755792 -85.0922244208 94.9221501793 -85.0778498207
1535 -86.1276348348 -86.1276348348 -86.1159714858  -86 94.3065510736 94.3065510736 -85.6820452533  -86 94.2004929365 -85.7995070635 94.2128333034 -85.7871666966
1793 -86.6857988654 -86.6857988654 -86.6757929103  -87 93.6864319866 93.6864319866 -86.3037539348  -86 93.5955245985 -86.4044754015 93.6061136332 -86.3938863668
2094 -87.1631825343 -87.1631825343 -87.1546029258  -87 93.1558186023 93.1558186023 -86.8357393682  -87 93.0779275549 -86.9220724451 93.0870106959 -86.9129893041
2445 -87.5715978571 -87.5715978571 -87.5642440738  -88 92.7017133492 92.7017133492 -87.2910273889  -87 92.6349936975 -87.3650063025 92.6427831569 -87.3572168431
2856 -87.9210849505 -87.9210849505 -87.9147836092  -88 92.3130351674 92.3130351674 -87.6807242273  -88 92.2558964479 -87.7441035521 92.2625752621 -87.7374247379
3336 -88.2201941546 -88.2201941546 -88.2147957372  -88 91.9803262541 91.9803262541 -88.0143098676  -88 91.9314000388 -88.0685999612 91.9371258030 -88.0628741970
3896 -88.4762174318 -88.4762174318 -88.4715932496  -88 91.6955075230 91.6955075230 -88.2998828012  -88 91.6536180784 -88.3463819216 91.6585263108 -88.3414736892
4550 -88.6953801028 -88.6953801028 -88.6914195501  -89 91.4516733575 91.4516733575 -88.5443655351  -89 91.4158115443 -88.5841884557 91.4200186714 -88.5799813286
10000 -89.4065174201 -89.4065174201 -89.4047142864  -89 90.6604186256 90.6604186256 -89.3377781885  -89 90.6440944543 -89.3559055457 90.6458976698 -89.3541023302
