x y1 y2 y3 y4
0.0000000000 -0.0000000000 -0.0000000000 -0.0000000000 -0.0000000000
0.0100000000 0.0903508181 0.3757458284 0.2050370353 0.4904320455
0.0200000000 0.1816151902 0.7374854004 0.3690968937 0.9249671039
0.0300000000 0.2437125471 0.9662566511 0.4987364984 1.2212806024
0.0400000000 0.2797270533 1.0402044959 0.5261835300 1.2866609727
0.0500000000 0.3039770873 1.0694633339 0.5034635390 1.2689497855
0.0600000000 0.3287275759 1.1898807278 0.4852934729 1.3464466249
0.0700000000 0.3536895299 1.3196413506 0.4706565499 1.4366083706
0.0800000000 0.3832900766 1.4171450894 0.4803094355 1.5141644483
0.0900000000 0.3974738176 1.5009857016 0.4975524948 1.6010643788
0.1000000000 0.3741441695 1.5229760516 0.5216702074 1.6705020895
0.1100000000 0.3429170051 1.3994497551 0.5716203857 1.6281531357
0.1200000000 0.3088731235 1.1434213646 0.5693732776 1.4039215187
0.1300000000 0.2627149077 0.8789738124 0.4604587050 1.0767176097
0.1400000000 0.2131138728 0.7148329256 0.3431077204 0.8448267732
0.1500000000 0.1737792366 0.5831894141 0.3066898639 0.7161000414
0.1600000000 0.1551584300 0.4061532811 0.2695729244 0.5205677756
0.1700000000 0.1498021898 0.2442068635 0.2128671493 0.3072718230
0.1800000000 0.1497318183 0.1543331887 0.1755513674 0.1801527378
0.1900000000 0.1509752887 0.1127632415 0.1746239639 0.1364119168
0.2000000000 0.1582668298 0.0099909039 0.2869689940 0.1386930681
0.2100000000 0.1667414386 -0.0873643296 0.4278480968 0.1737423286
0.2200000000 0.1669613998 -0.1634495627 0.5046595519 0.1742485894
0.2300000000 0.1548643712 -0.2930854586 0.5067498020 0.0587999722
0.2400000000 0.1511069089 -0.4088807889 0.4849894057 -0.0749982921
0.2500000000 0.1498488635 -0.4924102153 0.4366743709 -0.2055847079
0.2600000000 0.1337187037 -0.5489393013 0.3642345795 -0.3184234255
0.2700000000 0.1406807138 -0.5266717205 0.3907534637 -0.2765989705
0.2800000000 0.1777169128 -0.4099618548 0.4767794632 -0.1108993044
0.2900000000 0.2090874707 -0.2840742666 0.5594406287 0.0662788914
0.3000000000 0.2238361206 -0.1736296600 0.6433745398 0.2459087592
0.3100000000 0.2311955319 -0.0174873682 0.6825809970 0.4338980968
0.3200000000 0.2346926998 0.1540760538 0.6733119364 0.5926952904
0.3300000000 0.2459063188 0.3051975849 0.7031838011 0.7624750672
0.3400000000 0.2844676698 0.4466001662 0.7958854231 0.9580179194
0.3500000000 0.3253610755 0.5889760040 0.9091370528 1.1727519813
0.3600000000 0.3306315010 0.6865540725 0.9997896457 1.3557122172
0.3700000000 0.3035764674 0.6720231067 1.0140073838 1.3824540230
0.3800000000 0.2751175390 0.6299899659 0.9688396850 1.3237121118
0.3900000000 0.2666238629 0.5555535848 0.9326549313 1.2215846532
0.4000000000 0.2437191636 0.4493847133 0.9067829993 1.1124485491
0.4100000000 0.1996045244 0.3720452716 0.9246852362 1.0971259834
0.4200000000 0.1786624793 0.3509640607 1.0322739443 1.2045755258
0.4300000000 0.2022451242 0.3921861526 1.1195054151 1.3094464435
0.4400000000 0.2294029104 0.3946676302 1.1307180177 1.2959827375
0.4500000000 0.2570766267 0.4529351675 1.1182367415 1.3140952824
0.4600000000 0.2964779071 0.5822692498 1.0929538550 1.3787451978
0.4700000000 0.3095014000 0.6522003345 1.0154592697 1.3581582042
0.4800000000 0.2890995956 0.6217178028 0.8723920981 1.2050103053
0.4900000000 0.2800320819 0.5780023871 0.7854852150 1.0834555203
0.5000000000 0.2927658508 0.5780421126 0.7724178638 1.0576941255
0.5100000000 0.3166685728 0.6192320215 0.7970412066 1.0996046553
0.5200000000 0.3537434106 0.6782444208 0.8231785884 1.1476795986
0.5300000000 0.3758688779 0.6452336738 0.7581420542 1.0275068501
0.5400000000 0.4143308005 0.5653650105 0.6651913490 0.8162255590
0.5500000000 0.4623633548 0.4719154347 0.6220783336 0.6316304135
0.5600000000 0.4949668658 0.3659230452 0.6816337375 0.5525899169
0.5700000000 0.5269970210 0.2602449887 0.7803580925 0.5136060602
0.5800000000 0.5382915660 0.1669109575 0.8152100987 0.4438294902
0.5900000000 0.5520829465 0.1020724457 0.7939476774 0.3439371766
0.6000000000 0.5812582450 0.0617701911 0.7767107225 0.2572226686
0.6100000000 0.6163436956 0.0625471024 0.7845702493 0.2307736562
0.6200000000 0.6536086929 0.1012018363 0.8672719799 0.3148651233
0.6300000000 0.6732768574 0.1912758627 1.0293158569 0.5473148621
0.6400000000 0.6673140184 0.3154613709 1.1514353755 0.7995827279
0.6500000000 0.6489476500 0.3758934943 1.2115228278 0.9384686722
0.6600000000 0.6395237431 0.3128092899 1.3071084857 0.9803940325
0.6700000000 0.6526503058 0.1810011492 1.4338193752 0.9621702186
0.6800000000 0.6684768073 0.0684450172 1.5878338506 0.9878020605
0.6900000000 0.6696261392 0.0590249122 1.7303468071 1.1197455801
0.7000000000 0.6371280273 0.0763641960 1.7727501769 1.2119863456
0.7100000000 0.5804151112 0.0557381832 1.7140668261 1.1893898982
0.7200000000 0.5437325087 0.0007638668 1.6736233079 1.1306546660
0.7300000000 0.5092386874 -0.0483320651 1.6920745451 1.1345037926
0.7400000000 0.4675792871 -0.0685641022 1.6692823485 1.1331389592
0.7500000000 0.4353417850 -0.0897583202 1.6005703151 1.0754702100
0.7600000000 0.4037156148 -0.1226866873 1.5381118613 1.0117095592
0.7700000000 0.3834512403 -0.1783024068 1.4947853637 0.9330317165
0.7800000000 0.3897965167 -0.1881274514 1.4532008155 0.8752768474
0.7900000000 0.3980053376 -0.1504998999 1.3562022638 0.8076970263
0.8000000000 0.4262187874 -0.1447171778 1.1713316313 0.6003956661
0.8100000000 0.4535325640 -0.1795384632 0.9695488715 0.3364778443
0.8200000000 0.4477772344 -0.2339219245 0.8321543877 0.1504552287
0.8300000000 0.4507206531 -0.2811640254 0.7379102182 0.0060255397
0.8400000000 0.4535778873 -0.3240338790 0.6026850070 -0.1749267593
0.8500000000 0.4477861203 -0.3324862712 0.4456907161 -0.3345816755
0.8600000000 0.4633058916 -0.3227490472 0.3415160927 -0.4445388460
0.8700000000 0.5189447416 -0.3116942493 0.3330014719 -0.4976375189
0.8800000000 0.5635774006 -0.2734579577 0.3213429679 -0.5156923904
0.8900000000 0.5502514015 -0.2202454847 0.2937044109 -0.4767924752
0.9000000000 0.5146501940 -0.1245698434 0.2939171729 -0.3453028645
0.9100000000 0.4736909980 -0.0310204587 0.2360900095 -0.2686214471
0.9200000000 0.4356155069 0.0231909117 0.1384342173 -0.2739903778
0.9300000000 0.4007901924 0.0410392669 0.1390303687 -0.2207205567
0.9400000000 0.3709831805 0.0836621731 0.2220588709 -0.0652621366
0.9500000000 0.3523664732 0.1226989174 0.2740102543 0.0443426985
0.9600000000 0.3370333650 0.1679779508 0.2766371550 0.1075817408
0.9700000000 0.3268819969 0.1990025848 0.2417272391 0.1138478270
0.9800000000 0.3410745985 0.1844292550 0.2464519107 0.0898065672
0.9900000000 0.3412972511 0.1270495845 0.2466941520 0.0324464854
1.0000000000 0.3200474711 0.0431837454 0.2323867763 -0.0444769495
1.0100000000 0.3190171916 -0.0233630550 0.2833230870 -0.0590571597
1.0200000000 0.3004897971 -0.1370375937 0.3363254699 -0.1012019209
1.0300000000 0.2565969454 -0.2254275717 0.3539656532 -0.1280588638
1.0400000000 0.2206328856 -0.2720084152 0.4068245461 -0.0858167547
1.0500000000 0.2058718041 -0.3485465787 0.4984737279 -0.0559446549
1.0600000000 0.1940886196 -0.3841356131 0.5059129722 -0.0723112605
1.0700000000 0.1543462154 -0.4056311288 0.3767702631 -0.1832070811
1.0800000000 0.1014210834 -0.4568816161 0.2172334240 -0.3410692755
1.0900000000 0.0726052125 -0.5061911732 0.1309474203 -0.4478489654
1.1000000000 0.0614051299 -0.5219179608 0.0890605177 -0.4942625730
1.1100000000 0.0451155888 -0.5118193981 0.0189048181 -0.5380301688
1.1200000000 0.0289831756 -0.5149770638 -0.0257072102 -0.5696674496
1.1300000000 0.0430021690 -0.4790567538 -0.0145090860 -0.5365680088
1.1400000000 0.0702552082 -0.3822182206 -0.0307986837 -0.4832721125
1.1500000000 0.0818649541 -0.2817237944 -0.0923662239 -0.4559549724
1.1600000000 0.0846386069 -0.2285930224 -0.1808436644 -0.4940752936
1.1700000000 0.0961658009 -0.2457846966 -0.2574585751 -0.5994090726
1.1800000000 0.0861858709 -0.2979534252 -0.2951722853 -0.6793115815
1.1900000000 0.0462613623 -0.3657850216 -0.3173468116 -0.7293931955
1.2000000000 0.0173022170 -0.4443243842 -0.2992929163 -0.7609195176
1.2100000000 -0.0038403119 -0.4785217711 -0.3081538652 -0.7828353244
1.2200000000 -0.0319013313 -0.4722399144 -0.4092569213 -0.8495955044
1.2300000000 -0.0431195399 -0.4945820593 -0.4877768328 -0.9392393521
1.2400000000 -0.0225937545 -0.5318691611 -0.5167596609 -1.0260350675
1.2500000000 -0.0059112402 -0.5687710972 -0.5314884090 -1.0943482660
1.2600000000 -0.0001995848 -0.6622184515 -0.4934389829 -1.1554578495
1.2700000000 -0.0014820041 -0.7985064948 -0.4804192403 -1.2774437311
1.2800000000 -0.0344399522 -0.9322673772 -0.5810200761 -1.4788475011
1.2900000000 -0.1028964967 -1.0031193447 -0.7464562493 -1.6466790973
1.3000000000 -0.1627343614 -0.9902115808 -0.9198885644 -1.7473657839
1.3100000000 -0.2065634795 -0.9709587105 -1.0815772805 -1.8459725116
1.3200000000 -0.2501290346 -0.9743788130 -1.2237115694 -1.9479613478
1.3300000000 -0.2934197096 -0.9505662801 -1.3765355453 -2.0336821158
1.3400000000 -0.3367951288 -0.8885493979 -1.5381370981 -2.0898913672
1.3500000000 -0.3562831596 -0.7954321636 -1.6509503529 -2.0900993569
1.3600000000 -0.3582747935 -0.6801298124 -1.7091760463 -2.0310310651
1.3700000000 -0.3826888835 -0.5799119055 -1.8001347799 -1.9973578018
1.3800000000 -0.4088729814 -0.5399864563 -1.9555458288 -2.0866593038
1.3900000000 -0.4335074519 -0.5733230488 -2.1089468287 -2.2487624256
1.4000000000 -0.4734048364 -0.5638354856 -2.2086828029 -2.2991134521
1.4100000000 -0.5213820928 -0.4980056147 -2.2980938115 -2.2747173335
1.4200000000 -0.5758291995 -0.4085260501 -2.3408248959 -2.1735217465
1.4300000000 -0.6473606644 -0.3098976909 -2.3632724554 -2.0258094819
1.4400000000 -0.7356752186 -0.2575636373 -2.3883242307 -1.9102126494
1.4500000000 -0.8075425895 -0.2516927055 -2.3091585068 -1.7533086228
1.4600000000 -0.8642504515 -0.2706208642 -2.2192259369 -1.6255963496
1.4700000000 -0.9053890792 -0.2575833943 -2.1381241926 -1.4903185077
1.4800000000 -0.9161656357 -0.2028346724 -2.0616079053 -1.3482769421
1.4900000000 -0.8965423635 -0.1146966839 -1.9618150346 -1.1799693550
1.5000000000 -0.8738095536 -0.0128279367 -1.8109272827 -0.9499456658
1.5100000000 -0.8639859020 0.0159549524 -1.7282582438 -0.8483173894
1.5200000000 -0.8533246389 -0.0419701108 -1.7046029647 -0.8932484366
1.5300000000 -0.8610187872 -0.1482573816 -1.7475887412 -1.0348273356
1.5400000000 -0.8674540128 -0.1924791665 -1.8211655509 -1.1461907046
1.5500000000 -0.8587138449 -0.1265779239 -1.8984597296 -1.1663238085
1.5600000000 -0.8909789678 -0.0786488150 -2.0031653902 -1.1908352374
1.5700000000 -0.9511152699 -0.1768119889 -2.1129402263 -1.3386369453
1.5800000000 -0.9925466549 -0.3560616299 -2.2107440747 -1.5742590497
1.5900000000 -1.0023631970 -0.4074647973 -2.2569604305 -1.6620620307
1.6000000000 -1.0021125926 -0.3582648315 -2.2999690282 -1.6561212671
1.6100000000 -0.9955385492 -0.3619942298 -2.3596519543 -1.7261076348
1.6200000000 -0.9998200854 -0.4055649989 -2.4764738491 -1.8822187627
1.6300000000 -1.0352804328 -0.4684475028 -2.5836203969 -2.0167874669
1.6400000000 -1.0716733583 -0.5205425267 -2.6153525555 -2.0642217239
1.6500000000 -1.0710335580 -0.5103963011 -2.5721945998 -2.0115573429
1.6600000000 -1.0409852540 -0.4187957745 -2.4978024707 -1.8756129913
1.6700000000 -1.0042828157 -0.2553922964 -2.4408843994 -1.6919938801
1.6800000000 -0.9800001074 -0.1289758659 -2.4049852172 -1.5539609758
1.6900000000 -0.9931170178 -0.0660380728 -2.4041521918 -1.4770732469
1.7000000000 -1.0035016199 0.0054377672 -2.3676740614 -1.3587346744
1.7100000000 -0.9764728516 0.0479294392 -2.3264676043 -1.3020653135
1.7200000000 -0.9452656090 0.0757981388 -2.3247851891 -1.3037214412
1.7300000000 -0.9077973680 0.1149795650 -2.2494140788 -1.2266371458
1.7400000000 -0.8429855922 0.1532745501 -2.0838518956 -1.0875917534
1.7500000000 -0.7767065820 0.1733641778 -1.9261455587 -0.9760747989
1.7600000000 -0.7251780051 0.1793156555 -1.8124430570 -0.9079493964
1.7700000000 -0.6863916578 0.1696056694 -1.7442687660 -0.8882714389
1.7800000000 -0.6580153050 0.1228407810 -1.7094039374 -0.9285478515
1.7900000000 -0.6202858772 0.0598276034 -1.6794310726 -0.9993175920
1.8000000000 -0.5988046353 -0.0009593271 -1.6694977065 -1.0716523983
1.8100000000 -0.5946645566 -0.0874868447 -1.7018799476 -1.1947022357
1.8200000000 -0.6125224341 -0.2384096502 -1.7998293720 -1.4257165880
1.8300000000 -0.6537912296 -0.4581031500 -1.9703775806 -1.7746895010
1.8400000000 -0.6997840650 -0.7384637567 -2.1272156243 -2.1658953161
1.8500000000 -0.7539082325 -1.0247205677 -2.2715377903 -2.5423501254
1.8600000000 -0.8081081591 -1.3179689480 -2.3915934750 -2.9014542639
1.8700000000 -0.8717344597 -1.6027269924 -2.4658606888 -3.1968532214
1.8800000000 -0.9319054402 -1.7613716786 -2.5045149187 -3.3339811571
1.8900000000 -0.9706843895 -1.7396403951 -2.5101695810 -3.2791255865
1.9000000000 -0.9939560382 -1.6527522769 -2.4908424552 -3.1496386939
1.9100000000 -1.0092589843 -1.5569905154 -2.4482540831 -2.9959856142
1.9200000000 -1.0119089927 -1.4551680189 -2.3873381610 -2.8305971873
1.9300000000 -1.0146489977 -1.4146268229 -2.2919641001 -2.6919419253
1.9400000000 -1.0090265166 -1.3199288814 -2.2066052264 -2.5175075912
1.9500000000 -0.9888756227 -1.1470580732 -2.1314911827 -2.2896736332
1.9600000000 -0.9628700884 -1.0100032260 -2.0010017538 -2.0481348914
1.9700000000 -0.9496492695 -0.9309656137 -1.8472245366 -1.8285408809
1.9800000000 -0.9549430325 -0.9173360416 -1.7169433841 -1.6793363932
1.9900000000 -0.9628080552 -0.9319533314 -1.6086929337 -1.5778382098
2.0000000000 -0.9431178655 -0.8753690934 -1.4924109328 -1.4246621607
2.0100000000 -0.9237410155 -0.8070537143 -1.4264068301 -1.3097195289
2.0200000000 -0.9431020100 -0.8022260715 -1.3915298968 -1.2506539584
2.0300000000 -0.9693093429 -0.7874254828 -1.3382567623 -1.1563729022
2.0400000000 -0.9666206915 -0.7445264484 -1.2662020095 -1.0441077664
2.0500000000 -0.9379952732 -0.6639996512 -1.1827837816 -0.9087881595
2.0600000000 -0.9338476254 -0.5575989230 -1.1702937241 -0.7940450217
2.0700000000 -0.9550577248 -0.4981562810 -1.1499258672 -0.6930244234
2.0800000000 -0.9509241156 -0.4456516318 -1.0765988474 -0.5713263636
2.0900000000 -0.9259513058 -0.3622057526 -1.0659449731 -0.5021994199
2.1000000000 -0.9224048015 -0.3361174624 -1.1404943028 -0.5542069638
2.1100000000 -0.9255374932 -0.3558789710 -1.1859713133 -0.6163127912
2.1200000000 -0.9030994087 -0.3421059136 -1.1756956744 -0.6147021793
2.1300000000 -0.8772947765 -0.3416510775 -1.1921175082 -0.6564738092
2.1400000000 -0.8277031263 -0.3989287534 -1.2194463780 -0.7906720051
2.1500000000 -0.7580543104 -0.4143395097 -1.1916349543 -0.8479201536
2.1600000000 -0.6987340303 -0.3691635597 -1.0911016549 -0.7615311842
2.1700000000 -0.6606102733 -0.3954910992 -1.0163507775 -0.7512316034
2.1800000000 -0.6496238858 -0.4957315999 -0.9941284948 -0.8402362090
2.1900000000 -0.6382050420 -0.4976295562 -0.9628626472 -0.8222871614
2.2000000000 -0.6132458005 -0.3823124447 -0.8627230921 -0.6317897363
2.2100000000 -0.5818916307 -0.2748546223 -0.7486173931 -0.4415803847
2.2200000000 -0.5630720458 -0.1934390876 -0.6475330204 -0.2779000622
2.2300000000 -0.5445401161 -0.0643611753 -0.5287427548 -0.0485638140
2.2400000000 -0.5324951552 0.0218909143 -0.4384450989 0.1159409706
2.2500000000 -0.5345635153 0.0814828907 -0.3120175431 0.3040288629
2.2600000000 -0.5441794170 0.1254346413 -0.2309874650 0.4386265934
2.2700000000 -0.5405445088 0.1438093551 -0.1771376390 0.5072162249
2.2800000000 -0.5273971521 0.1575007704 -0.0673137087 0.6175842138
2.2900000000 -0.5230910779 0.0790566763 0.0384792080 0.6406269622
2.3000000000 -0.4965386246 0.0193822660 0.1191269400 0.6350478306
2.3100000000 -0.4626315026 0.0480059617 0.2246977715 0.7353352357
2.3200000000 -0.4308449213 0.0767507334 0.4136888204 0.9212844751
2.3300000000 -0.3819166010 0.0564829434 0.6301322454 1.0685317898
2.3400000000 -0.3409015917 0.0229945810 0.8227265642 1.1866227369
2.3500000000 -0.2978105092 0.0320929877 0.9521694826 1.2820729796
2.3600000000 -0.2425691328 -0.0023949824 1.0142654185 1.2544395689
2.3700000000 -0.2074635955 -0.1198956491 0.9991683433 1.0867362896
2.3800000000 -0.1798954710 -0.2157496294 0.9634139858 0.9275598273
2.3900000000 -0.1503747568 -0.3094687235 0.9955890249 0.8364950582
2.4000000000 -0.1472539603 -0.4111806060 1.0154880623 0.7515614166
2.4100000000 -0.1671330838 -0.4491675238 0.9973367379 0.7153022980
2.4200000000 -0.2052796497 -0.5067943212 0.9336547852 0.6321401137
2.4300000000 -0.2488183537 -0.6044315506 0.8400194821 0.4844062852
2.4400000000 -0.2627036801 -0.6940563597 0.8249031217 0.3935504421
2.4500000000 -0.2516414125 -0.7338521963 0.8048957450 0.3226849612
2.4600000000 -0.2333680510 -0.7126108356 0.7393154089 0.2600726243
2.4700000000 -0.2186862585 -0.6817256750 0.7058702393 0.2428308228
2.4800000000 -0.2004882709 -0.6316138476 0.6927504213 0.2616248446
2.4900000000 -0.1933150284 -0.5586141329 0.6921642949 0.3268651905
2.5000000000 -0.1805060449 -0.4832200449 0.7360250906 0.4333110906
2.5100000000 -0.1579334831 -0.4555845733 0.7781295619 0.4804784717
2.5200000000 -0.1747037956 -0.4940257535 0.7668668737 0.4475449157
2.5300000000 -0.2020538209 -0.5674814019 0.8167693666 0.4513417857
2.5400000000 -0.1927828558 -0.6542612268 0.9440601465 0.4825817755
2.5500000000 -0.1666136380 -0.7249975312 1.0052421774 0.4468582842
2.5600000000 -0.1664867247 -0.8122346499 0.9020926643 0.2563447391
2.5700000000 -0.2010893058 -0.9237131486 0.6893260781 -0.0332977647
2.5800000000 -0.2218632592 -0.9297757623 0.5285516824 -0.1793608207
2.5900000000 -0.2089072463 -0.8189889731 0.4636549856 -0.1464267412
2.6000000000 -0.1809263096 -0.6375777972 0.4708773874 0.0142258997
2.6100000000 -0.1416359337 -0.4496649629 0.5352125761 0.2271835469
2.6200000000 -0.1015138674 -0.3001158007 0.6489762221 0.4503742888
2.6300000000 -0.0324172577 -0.1165984563 0.7936542498 0.7094730511
2.6400000000 0.0266522673 0.0686196127 0.9566344302 0.9986017757
2.6500000000 0.0644639155 0.2444514064 1.1452568108 1.3252443017
2.6600000000 0.1330594923 0.4383330284 1.3697582867 1.6750318228
2.6700000000 0.2233798498 0.6370039891 1.6230618896 2.0366860289
2.6800000000 0.3142557496 0.7982315677 1.9399377312 2.4239135494
2.6900000000 0.3437272359 0.9351294083 2.1899860765 2.7813882490
2.7000000000 0.3409898970 1.0317700560 2.3371669143 3.0279470733
2.7100000000 0.3420045478 1.0211074735 2.4795975713 3.1587004970
2.7200000000 0.3198782684 0.9875652586 2.5406461514 3.2083331416
2.7300000000 0.2678476551 0.9372929806 2.4484869227 3.1179322482
2.7400000000 0.2173818719 0.8648120257 2.2424599631 2.8898901169
2.7500000000 0.2164878043 0.8000872990 2.0397212337 2.6233207284
2.7600000000 0.2424238663 0.7530771448 1.9110206828 2.4216739613
2.7700000000 0.2911575595 0.7547861017 1.8162050875 2.2798336297
2.7800000000 0.3476039450 0.7742649057 1.7616902137 2.1883511744
2.7900000000 0.3805180674 0.7916199246 1.7513701948 2.1624720520
2.8000000000 0.3877665897 0.8431780557 1.7396662593 2.1950777253
2.8100000000 0.3778696274 0.9479913354 1.7264653498 2.2965870578
2.8200000000 0.3622455575 1.0451294354 1.6935172075 2.3764010854
2.8300000000 0.3536067758 1.0635778259 1.6541812844 2.3641523345
2.8400000000 0.3500134598 1.0461005168 1.6282323038 2.3243193608
2.8500000000 0.3516166324 1.0591695592 1.5939213712 2.3014742981
2.8600000000 0.3729403078 1.1105630378 1.5686750873 2.3062978173
2.8700000000 0.4186993561 1.1754591576 1.5555855992 2.3123454008
2.8800000000 0.4755728462 1.2368230771 1.6138474844 2.3750977153
2.8900000000 0.5280033926 1.3417027907 1.7442272350 2.5579266332
2.9000000000 0.5817506199 1.4538766966 1.8542959216 2.7264219983
2.9100000000 0.6100258159 1.4763195169 1.8816361825 2.7479298835
2.9200000000 0.6026730242 1.4552741396 1.8231264505 2.6757275659
2.9300000000 0.5919538544 1.4072197443 1.7523014175 2.5675673074
2.9400000000 0.5794410164 1.3290941767 1.6811013357 2.4307544960
2.9500000000 0.5693584915 1.2687732177 1.6092543989 2.3086691251
2.9600000000 0.5910399818 1.2174934902 1.6006537352 2.2271072437
2.9700000000 0.6389461253 1.1275326710 1.6441931810 2.1327797267
2.9800000000 0.6827757840 1.0318633963 1.7135644604 2.0626520728
2.9900000000 0.7263530221 0.9857682779 1.7937734983 2.0531887541
3.0000000000 0.7702119067 0.9134480758 1.8601078296 2.0033439988
3.0100000000 0.8017770444 0.7934036398 1.9000805085 1.8917071039
3.0200000000 0.8332442979 0.6866993234 1.9429519158 1.7964069413
3.0300000000 0.8678170400 0.5622155598 2.0111574514 1.7055559711
3.0400000000 0.9154644114 0.4865146160 2.0879299000 1.6589801046
3.0500000000 0.9618977196 0.5128983831 2.1500879446 1.7010886081
3.0600000000 0.9837327118 0.6168745461 2.1512067206 1.7843485548
3.0700000000 1.0051923967 0.7508635131 2.0946601856 1.8403313021
3.0800000000 1.0108909707 0.8293263252 2.0217823832 1.8402177378
3.0900000000 0.9844151662 0.8498165662 1.9633326870 1.8287340870
3.1000000000 0.9527965944 0.8599673078 1.9470326414 1.8542033548
3.1100000000 0.9411329648 0.8502939571 1.9915034360 1.9006644284
3.1200000000 0.9470125289 0.7714268783 2.0290910659 1.8535054153
3.1300000000 0.9496808058 0.7167775500 2.0294076110 1.7965043553
3.1400000000 0.9617288320 0.6414331060 2.0387830926 1.7184873666
3.1500000000 1.0043239995 0.5880840407 2.0323673879 1.6161274292
3.1600000000 1.0421033296 0.6192488103 1.9908543413 1.5679998219
3.1700000000 1.0315758777 0.6292934427 1.8673526022 1.4650701673
3.1800000000 1.0108887422 0.5976506932 1.7649339484 1.3516958993
3.1900000000 1.0187148621 0.5912339006 1.7711443710 1.3436634094
3.2000000000 1.0467586018 0.5990223150 1.8178907481 1.3701544612
3.2100000000 1.0798955454 0.5862722616 1.8596354327 1.3660121489
3.2200000000 1.1083742288 0.6734293171 1.8626680039 1.4277230922
3.2300000000 1.1246783398 0.7366692172 1.8748484235 1.4868393008
3.2400000000 1.1315061034 0.7658025907 1.8891668663 1.5234633537
3.2500000000 1.1380293250 0.8330332877 1.8834029014 1.5784068641
3.2600000000 1.1339225924 0.8636051540 1.8611101329 1.5907926945
3.2700000000 1.1081297679 0.8385447696 1.8156098604 1.5460248622
3.2800000000 1.0806514393 0.7762271956 1.7783418516 1.4739176079
3.2900000000 1.0655781268 0.7111377318 1.7213378593 1.3668974643
3.3000000000 1.0697263337 0.6665757271 1.6491388056 1.2459881990
3.3100000000 1.1001837517 0.6767524384 1.6470461907 1.2236148775
3.3200000000 1.1406529467 0.7000449180 1.7124503882 1.2718423594
3.3300000000 1.1793245523 0.7231721277 1.7705696681 1.3144172435
3.3400000000 1.2082540826 0.7932461015 1.7859457235 1.3709377424
3.3500000000 1.1962274250 0.8233602015 1.7980418478 1.4251746242
3.3600000000 1.1618520553 0.8073071039 1.7872594665 1.4327145151
3.3700000000 1.1316704972 0.7866486055 1.7052428267 1.3602209351
3.3800000000 1.1175721529 0.7479560915 1.6224476925 1.2528316311
3.3900000000 1.1177059441 0.7896247443 1.5907971644 1.2627159646
3.4000000000 1.1055196214 0.8628177675 1.5367962255 1.2940943716
3.4100000000 1.0755569794 0.8730816780 1.4754380233 1.2729627219
3.4200000000 1.0430402823 0.8664894044 1.4687555016 1.2922046238
3.4300000000 1.0275779139 0.9055233280 1.4392489564 1.3171943705
3.4400000000 1.0158344011 0.9440257216 1.3723785003 1.3005698208
3.4500000000 1.0084878875 1.0101209782 1.3881294619 1.3897625526
3.4600000000 0.9875261259 1.0316189373 1.3943809871 1.4384737986
3.4700000000 0.9608661287 0.9460690536 1.3579375053 1.3431404302
3.4800000000 0.9570668302 0.8957346789 1.3492533597 1.2879212084
3.4900000000 0.9754563073 0.9264476343 1.2805687841 1.2315601111
3.5000000000 0.9937226913 1.0003045953 1.1925005859 1.1990824898
3.5100000000 0.9842900285 1.0477894828 1.1766196014 1.2401190557
3.5200000000 0.9712228418 1.0616980457 1.1488998420 1.2393750459
3.5300000000 0.9528713066 1.0534885925 1.0438242255 1.1444415114
3.5400000000 0.9313460416 1.0146156481 0.8856497279 0.9689193344
3.5500000000 0.9104126416 0.9259433164 0.7467015352 0.7622322100
3.5600000000 0.8921650493 0.7829265070 0.6948908374 0.5856522951
3.5700000000 0.8671711794 0.6095153115 0.6018912442 0.3442353763
3.5800000000 0.8324387303 0.4818432189 0.5203341466 0.1697386352
3.5900000000 0.8053050165 0.3745800891 0.5412007000 0.1104757727
3.6000000000 0.7673194663 0.2376238687 0.4944180192 -0.0352775784
3.6100000000 0.7285833060 0.1320674576 0.4099321385 -0.1865837099
3.6200000000 0.7112851095 0.1349928166 0.4450055099 -0.1312867831
3.6300000000 0.7208828011 0.2012235079 0.5156070038 -0.0040522894
3.6400000000 0.7240529951 0.2281678842 0.4750840467 -0.0208010642
3.6500000000 0.7112960307 0.1861024892 0.3584514957 -0.1667420458
3.6600000000 0.7047067971 0.1730399906 0.2383278208 -0.2933389857
3.6700000000 0.7212010318 0.2504556418 0.1761351914 -0.2946101986
3.6800000000 0.7317684605 0.3726097526 0.0943820164 -0.2647766916
3.6900000000 0.7117822761 0.4455769762 -0.0272064103 -0.2934117101
3.7000000000 0.6821079861 0.4344667546 -0.1274537409 -0.3750949724
3.7100000000 0.6230900114 0.3948259840 -0.2270471566 -0.4553111839
3.7200000000 0.5537101806 0.3355426640 -0.2722165012 -0.4903840177
3.7300000000 0.4940282897 0.2575542132 -0.2733235473 -0.5097976238
3.7400000000 0.4284436716 0.1548933287 -0.2902333993 -0.5637837423
3.7500000000 0.3803808241 0.0720730880 -0.3440647420 -0.6523724781
3.7600000000 0.3451402369 0.0672246074 -0.4448002017 -0.7227158312
3.7700000000 0.2932931840 0.0521078404 -0.5740076799 -0.8151930235
3.7800000000 0.2496793852 0.0254493997 -0.6974980469 -0.9217280324
3.7900000000 0.2156461153 -0.0283339707 -0.8262305491 -1.0702106351
3.8000000000 0.1734115754 -0.1286048683 -0.9302804722 -1.2322969159
3.8100000000 0.1367370695 -0.1950836638 -0.9718732794 -1.3036940127
3.8200000000 0.1307666800 -0.2379578484 -0.9868971806 -1.3556217090
3.8300000000 0.1401389646 -0.3071831613 -1.0256865361 -1.4730086620
3.8400000000 0.1426900089 -0.3791625873 -1.0761704243 -1.5980230205
3.8500000000 0.1564659096 -0.3490398256 -1.0829033743 -1.5884091096
3.8600000000 0.1639500518 -0.2867089410 -1.0552842948 -1.5059432876
3.8700000000 0.1446501023 -0.2510337792 -1.0301528071 -1.4258366886
3.8800000000 0.1050740250 -0.2247544458 -1.0368384337 -1.3666669045
3.8900000000 0.0517354445 -0.2553052459 -1.0550628265 -1.3621035170
3.9000000000 0.0050690430 -0.3174398506 -1.0664209372 -1.3889298307
3.9100000000 -0.0438671958 -0.4163368892 -1.1516046876 -1.5240743810
3.9200000000 -0.1020746022 -0.5466877423 -1.2314180561 -1.6760311962
3.9300000000 -0.1541982780 -0.6894007434 -1.2455762553 -1.7807787207
3.9400000000 -0.2020000242 -0.8079344978 -1.2608034802 -1.8667379538
3.9500000000 -0.2414533798 -0.8204740063 -1.2444895234 -1.8235101498
3.9600000000 -0.2905172383 -0.8131343228 -1.2312784273 -1.7538955117
3.9700000000 -0.3608887881 -0.8333728262 -1.2528569003 -1.7253409384
3.9800000000 -0.4012853438 -0.7507841710 -1.2523139041 -1.6018127313
3.9900000000 -0.4055526767 -0.6386971606 -1.2510729375 -1.4842174214
4.0000000000 -0.4056787257 -0.5467819239 -1.2560201091 -1.3971233073
4.0100000000 -0.3959775877 -0.3991422206 -1.3028570188 -1.3060216516
4.0200000000 -0.3806330178 -0.2607816608 -1.4314571475 -1.3116057904
4.0300000000 -0.3682317826 -0.1729035924 -1.5944877939 -1.3991596038
4.0400000000 -0.3478759188 -0.1271773038 -1.7445922373 -1.5238936223
4.0500000000 -0.3245517793 -0.1212970288 -1.8402281630 -1.6369734126
4.0600000000 -0.3231143493 -0.1428707472 -1.9314214138 -1.7511778117
4.0700000000 -0.3434022842 -0.1798951166 -2.0719987866 -1.9084916190
4.0800000000 -0.3940359510 -0.2548200838 -2.2243871059 -2.0851712387
4.0900000000 -0.4401350767 -0.3295110052 -2.3053547195 -2.1947306480
4.1000000000 -0.4713814724 -0.3938963521 -2.3587487924 -2.2812636720
4.1100000000 -0.5195002709 -0.5334423737 -2.4396499012 -2.4535920040
4.1200000000 -0.5804680265 -0.7015025387 -2.5155628191 -2.6365973313
4.1300000000 -0.6426284599 -0.8016261871 -2.5980402686 -2.7570379958
4.1400000000 -0.7014275948 -0.8716994838 -2.6417331862 -2.8120050751
4.1500000000 -0.7647183663 -0.9586507004 -2.6812365731 -2.8751689072
4.1600000000 -0.8086453979 -1.0330866815 -2.7162912135 -2.9407324971
4.1700000000 -0.8058170348 -1.0300800885 -2.7448770094 -2.9691400631
4.1800000000 -0.7759743118 -1.0137594279 -2.7412359198 -2.9790210359
4.1900000000 -0.7394799899 -0.9933727672 -2.6659645791 -2.9198573564
4.2000000000 -0.7302418666 -0.9796128022 -2.6104190645 -2.8597900001
4.2100000000 -0.7352834417 -0.9327428253 -2.5742495790 -2.7717089626
4.2200000000 -0.7527514397 -0.8535452316 -2.5312972572 -2.6320910491
4.2300000000 -0.7645165470 -0.8187305516 -2.4540913635 -2.5083053681
4.2400000000 -0.7329929291 -0.7633908915 -2.3845677195 -2.4149656820
4.2500000000 -0.7043315918 -0.6369311112 -2.2817736235 -2.2143731430
4.2600000000 -0.7031457558 -0.4231554630 -2.1600743743 -1.8800840815
4.2700000000 -0.7009289202 -0.1581637009 -2.0727470537 -1.5299818343
4.2800000000 -0.6658253374 0.0443990278 -1.9526063375 -1.2423819723
4.2900000000 -0.6312557861 0.1259328122 -1.8912414594 -1.1340528611
4.3000000000 -0.6069133368 0.2117684446 -1.8917344750 -1.0730526935
4.3100000000 -0.5787370927 0.3680929080 -1.8480611404 -0.9012311396
4.3200000000 -0.5756566493 0.5012903988 -1.7731873805 -0.6962403324
4.3300000000 -0.5888436456 0.5645322662 -1.7393968843 -0.5860209725
4.3400000000 -0.5836669838 0.5708301596 -1.6987282045 -0.5442310610
4.3500000000 -0.5660796853 0.4927711729 -1.6786282622 -0.6197774039
4.3600000000 -0.5463112044 0.3401237485 -1.6975644474 -0.8111294945
4.3700000000 -0.5443801690 0.1799499661 -1.6658297173 -0.9414995822
4.3800000000 -0.5669808448 0.0548069267 -1.6183778706 -0.9965900991
4.3900000000 -0.5816068380 -0.0558701430 -1.5793557106 -1.0536190155
4.4000000000 -0.5762061917 -0.1269215659 -1.5414388825 -1.0921542567
4.4100000000 -0.5762681363 -0.2104072780 -1.5485113572 -1.1826504989
4.4200000000 -0.5889304956 -0.3612491203 -1.5119214491 -1.2842400738
4.4300000000 -0.5925350195 -0.5220208953 -1.4356772739 -1.3651631497
4.4400000000 -0.5840445598 -0.6222124681 -1.3505899610 -1.3887578693
4.4500000000 -0.5572941669 -0.6184166135 -1.2331628877 -1.2942853342
4.4600000000 -0.5375292351 -0.6054379176 -1.1342869441 -1.2021956266
4.4700000000 -0.5310045908 -0.5877177430 -1.0334057818 -1.0901189340
4.4800000000 -0.5171043078 -0.5434579844 -0.9552166044 -0.9815702811
4.4900000000 -0.4972559592 -0.4541440654 -0.9476169931 -0.9045050993
4.5000000000 -0.4904362780 -0.3602690796 -0.9903007192 -0.8601335209
4.5100000000 -0.5280477483 -0.3280355358 -1.0912750650 -0.8912628525
4.5200000000 -0.5873327729 -0.2676196072 -1.2785444835 -0.9588313178
4.5300000000 -0.6695002452 -0.2216263992 -1.4759558888 -1.0280820428
4.5400000000 -0.7893119011 -0.2914837006 -1.6751904617 -1.1773622612
4.5500000000 -0.8940734482 -0.2972282674 -1.8513839094 -1.2545387287
4.5600000000 -0.9826601433 -0.2367795438 -2.0495341558 -1.3036535563
4.5700000000 -1.0539749119 -0.2453184048 -2.2260963037 -1.4174397966
4.5800000000 -1.0890841809 -0.3382141818 -2.2872050647 -1.5363350656
4.5900000000 -1.1128929428 -0.4809401340 -2.3217967877 -1.6898439788
4.6000000000 -1.1168082271 -0.5732818889 -2.3224388460 -1.7789125078
4.6100000000 -1.0976797343 -0.6093080670 -2.3225373639 -1.8341656965
4.6200000000 -1.0941494597 -0.6406771379 -2.3313238718 -1.8778515500
4.6300000000 -1.0620736304 -0.6357514244 -2.2922776301 -1.8659554240
4.6400000000 -1.0105937678 -0.6630363448 -2.2344695544 -1.8869121314
4.6500000000 -0.9904115535 -0.7770458321 -2.1642026166 -1.9508368952
4.6600000000 -0.9893395207 -0.8796302984 -2.0320026666 -1.9222934444
4.6700000000 -1.0089090384 -0.9600401338 -1.8948005536 -1.8459316489
4.6800000000 -1.0354467646 -1.0315996140 -1.7715845814 -1.7677374307
4.6900000000 -1.0223373661 -1.0740969412 -1.6156854462 -1.6674450212
4.7000000000 -0.9979546070 -1.0863752939 -1.5090952110 -1.5975158980
4.7100000000 -0.9944339975 -1.0479354969 -1.4457418171 -1.4992433166
4.7200000000 -0.9805449567 -0.9718162406 -1.4279696607 -1.4192409446
4.7300000000 -0.9519416740 -0.9186810569 -1.4237437808 -1.3904831637
4.7400000000 -0.9254102367 -0.9526742612 -1.3505847141 -1.3778487386
4.7500000000 -0.9098296798 -1.0113942596 -1.2896147413 -1.3911793211
4.7600000000 -0.8994007187 -1.0010563577 -1.2085248790 -1.3101805179
4.7700000000 -0.8719306447 -0.9639761639 -1.0959346059 -1.1879801252
4.7800000000 -0.8308017307 -0.9423868273 -1.0426414014 -1.1542264980
4.7900000000 -0.8105272699 -0.9042652236 -1.0365952359 -1.1303331896
4.8000000000 -0.7987178690 -0.8403678215 -1.0114704298 -1.0531203823
4.8100000000 -0.7634163793 -0.7665274172 -0.9550866325 -0.9581976703
4.8200000000 -0.7317635853 -0.6982015805 -0.9282338681 -0.8946718633
4.8300000000 -0.7103941206 -0.6476737444 -0.9487038685 -0.8859834923
4.8400000000 -0.6785540786 -0.6316918975 -0.9417682378 -0.8949060566
4.8500000000 -0.6515986322 -0.6760398001 -0.8932079834 -0.9176491512
4.8600000000 -0.6368769860 -0.6578781997 -0.8176039402 -0.8386051539
4.8700000000 -0.6282621668 -0.5442198730 -0.7058392210 -0.6217969272
4.8800000000 -0.6067188611 -0.4838914327 -0.5821520586 -0.4593246302
4.8900000000 -0.5709505050 -0.5127120972 -0.3832787176 -0.3250403098
4.9000000000 -0.5390875553 -0.5591814960 -0.1848264472 -0.2049203880
4.9100000000 -0.5130321189 -0.5808088171 -0.0143698590 -0.0821465572
4.9200000000 -0.4749678833 -0.6071397766 0.1703146681 0.0381427748
4.9300000000 -0.4430970245 -0.6037922167 0.3454183022 0.1847231101
4.9400000000 -0.4009842466 -0.5149136734 0.5638534486 0.4499240219
4.9500000000 -0.3469097443 -0.3573314073 0.6680548186 0.6576331557
4.9600000000 -0.2908109597 -0.1907303405 0.6836463048 0.7837269240
4.9700000000 -0.2472107630 -0.0815182698 0.7501899373 0.9158824304
4.9800000000 -0.2466242532 -0.0215950645 0.8056986922 1.0307278810
4.9900000000 -0.2360104304 0.0212844115 0.8227902387 1.0800850806
5.0000000000 -0.2031891982 0.0456218390 0.8862926992 1.1351037364
5.0100000000 -0.1678316880 0.0826532269 1.0131258907 1.2636108055
5.0200000000 -0.1411370917 0.1096618214 1.1566312062 1.4074301193
5.0300000000 -0.1331364902 0.0964361127 1.3011901449 1.5307627478
5.0400000000 -0.0971528397 0.1395200662 1.4318755697 1.6685484755
5.0500000000 -0.0401242951 0.2820922095 1.5775347336 1.8997512382
5.0600000000 -0.0082771139 0.4485007878 1.7498147950 2.2065926967
5.0700000000 -0.0060440510 0.4977928774 1.8979032083 2.4017401367
5.0800000000 -0.0180778090 0.4911359490 2.0386539257 2.5478676837
5.0900000000 -0.0351984136 0.5178037062 2.1183262050 2.6713283248
5.1000000000 -0.0576793267 0.4982251269 2.1320011391 2.6879055928
5.1100000000 -0.1025498649 0.4459618677 2.0969648789 2.6454766115
5.1200000000 -0.1501683425 0.4321094929 2.0123161922 2.5945940276
5.1300000000 -0.1670525972 0.4728489494 1.9267797311 2.5666812777
5.1400000000 -0.1754589457 0.4538755520 1.7929913615 2.4223258591
5.1500000000 -0.1890849703 0.3440862259 1.6755773615 2.2087485577
5.1600000000 -0.1957633647 0.2568144442 1.6383814307 2.0909592396
5.1700000000 -0.1831347482 0.2148074548 1.6106275184 2.0085697214
5.1800000000 -0.1620344014 0.1982308682 1.5592426347 1.9195079043
5.1900000000 -0.1380600463 0.1793957576 1.5246499511 1.8421057550
5.2000000000 -0.1123118392 0.1988340973 1.4922142049 1.8033601414
5.2100000000 -0.1038518451 0.2853894341 1.4121782878 1.8014195670
5.2200000000 -0.1087544404 0.3746724104 1.3317052828 1.8151321337
5.2300000000 -0.1201709870 0.3943089983 1.2991952082 1.8136751935
5.2400000000 -0.1271168981 0.3889825551 1.2547853813 1.7708848346
5.2500000000 -0.1385841265 0.4277613387 1.1174839571 1.6838294222
5.2600000000 -0.1658378245 0.4905018481 0.9487754384 1.6051151110
5.2700000000 -0.1688022331 0.5130139198 0.8948399197 1.5766560726
5.2800000000 -0.1457191199 0.4579833057 0.8976692864 1.5013717120
5.2900000000 -0.1060774930 0.3682388160 0.9311604472 1.4054767561
5.3000000000 -0.0519885578 0.3060164053 1.0087838319 1.3667887951
5.3100000000 -0.0018981592 0.2664921271 1.0781864030 1.3465766894
5.3200000000 0.0589635173 0.1854276451 1.1224740831 1.2489382109
5.3300000000 0.1138711050 0.0988159391 1.1998248718 1.1847697058
5.3400000000 0.1655606964 0.0447325238 1.3623413863 1.2415132137
5.3500000000 0.2454173149 0.0245693918 1.5467289120 1.3258809889
5.3600000000 0.3265943858 -0.0306973670 1.7250732542 1.3677815014
5.3700000000 0.3898168972 -0.1130796115 1.9503253812 1.4474288724
5.3800000000 0.4340144822 -0.1390279639 2.1681567930 1.5951143469
5.3900000000 0.4564191816 -0.1528655125 2.3262860575 1.7170013634
5.4000000000 0.4476725600 -0.1786960660 2.4444401251 1.8180714991
5.4100000000 0.4279909358 -0.1829582283 2.5063471511 1.8953979869
5.4200000000 0.3943875007 -0.1727895177 2.4877505372 1.9205735188
5.4300000000 0.3449027896 -0.2011107615 2.3711502124 1.8251366612
5.4400000000 0.3300108598 -0.1917338022 2.2228508432 1.7011061811
5.4500000000 0.3344904438 -0.1724960826 2.1236966107 1.6167100843
5.4600000000 0.3475285034 -0.2066684339 2.0075917906 1.4533948534
5.4700000000 0.3819091805 -0.1921725585 1.9171825338 1.3431007948
5.4800000000 0.4260396971 -0.1018947566 1.8858590190 1.3579245653
5.4900000000 0.4522948839 -0.0701599253 1.8073928824 1.2849380732
5.5000000000 0.4593859530 -0.1342646497 1.7249052751 1.1312546723
5.5100000000 0.4690835394 -0.1728000086 1.7064718768 1.0645883288
5.5200000000 0.4829403001 -0.1299688500 1.6931377380 1.0802285878
5.5300000000 0.4999487601 -0.0484975961 1.6257283022 1.0772819459
5.5400000000 0.5342027074 0.0558894619 1.5433966695 1.0650834240
5.5500000000 0.5880269397 0.1598801967 1.4880881721 1.0599414291
5.5600000000 0.6149267948 0.1128770114 1.4184524945 0.9164027111
5.5700000000 0.6192671042 -0.0276478818 1.4034584723 0.7565434864
5.5800000000 0.6262776875 -0.1920734620 1.4575617170 0.6392105675
5.5900000000 0.6242381077 -0.3966161101 1.4959057996 0.4750515818
5.6000000000 0.6005223748 -0.5464204801 1.5032753841 0.3563325291
5.6100000000 0.5725965030 -0.6091207288 1.4927994048 0.3110821730
5.6200000000 0.5666299508 -0.5605151414 1.4720432388 0.3448981466
5.6300000000 0.5707977702 -0.4437070214 1.4475966604 0.4330918688
5.6400000000 0.5804776769 -0.3303234782 1.4130277870 0.5022266318
5.6500000000 0.5886834029 -0.2839481758 1.3061609394 0.4335293608
5.6600000000 0.5785600999 -0.3065218743 1.1608086196 0.2757266454
5.6700000000 0.5756464836 -0.2878950600 1.0966249017 0.2330833582
5.6800000000 0.5986619831 -0.2233864986 1.1171269783 0.2950784966
5.6900000000 0.6187989217 -0.1432422875 1.2153934642 0.4533522551
5.7000000000 0.6370530498 -0.0017034889 1.3279628133 0.6892062746
5.7100000000 0.6621430731 0.1511965654 1.3748134855 0.8638669778
5.7200000000 0.6843876744 0.3066074202 1.3751113638 0.9973311096
5.7300000000 0.7245357086 0.4572084071 1.3603320783 1.0930047767
5.7400000000 0.7749942990 0.5452467552 1.3476240709 1.1178765271
5.7500000000 0.8293936923 0.6095475954 1.3626580152 1.1428119182
5.7600000000 0.8897150725 0.6643569744 1.3768023005 1.1514442025
5.7700000000 0.9405574329 0.7650617978 1.3890693349 1.2135736999
5.7800000000 0.9655851407 0.8809973927 1.3426714197 1.2580836717
5.7900000000 0.9715633162 0.9457929122 1.2564582918 1.2306878878
5.8000000000 0.9675295118 0.9617913761 1.1982801085 1.1925419727
5.8100000000 0.9341339877 0.9140874437 1.1605318600 1.1404853159
5.8200000000 0.8860707869 0.7977846951 1.1542081665 1.0659220746
5.8300000000 0.8502391391 0.7341558369 1.2066648939 1.0905815917
5.8400000000 0.8378015398 0.6861611199 1.2501726616 1.0985322417
5.8500000000 0.8411394638 0.6208067480 1.2352959121 1.0149631963
5.8600000000 0.8341829271 0.6179634047 1.1950136612 0.9787941387
5.8700000000 0.8188989435 0.6417803598 1.1721978492 0.9950792655
5.8800000000 0.8222984084 0.6611690726 1.2187917375 1.0576624017
5.8900000000 0.8380138077 0.6779214342 1.3038038169 1.1437114434
5.9000000000 0.8567774440 0.7183985766 1.4095949351 1.2712160677
5.9100000000 0.8981138120 0.7483468667 1.4775625537 1.3277956083
5.9200000000 0.9228230321 0.7605293544 1.4976706874 1.3353770097
5.9300000000 0.9154990248 0.7061197546 1.4756115871 1.2662323168
5.9400000000 0.8982195689 0.5787612427 1.4419735204 1.1225151942
5.9500000000 0.8726294024 0.4763384303 1.4489326054 1.0526416333
5.9600000000 0.8403884154 0.4411136680 1.4037815956 1.0045068481
5.9700000000 0.8167239967 0.4767309061 1.3503209036 1.0103278129
5.9800000000 0.8064079232 0.5427873111 1.3187011530 1.0550805409
5.9900000000 0.8080243061 0.6001071644 1.2993352880 1.0914181463
6.0000000000 0.8314179864 0.6391119251 1.3039663206 1.1116602594
6.0100000000 0.8429186510 0.6061964186 1.2562328084 1.0195105759
6.0200000000 0.8463472330 0.5488618641 1.1655947013 0.8681093325
6.0300000000 0.8459072547 0.4475479564 1.0272098322 0.6288505339
6.0400000000 0.8064602603 0.3123825900 0.8340429634 0.3399652931
6.0500000000 0.7620228186 0.2420017388 0.6526374127 0.1326163329
6.0600000000 0.7289903604 0.2103512402 0.5096445341 -0.0089945861
6.0700000000 0.7034844614 0.1975698749 0.4404549012 -0.0654596854
6.0800000000 0.6856412391 0.1094058999 0.4173656630 -0.1588696762
6.0900000000 0.6670402652 0.0074628515 0.3789152271 -0.2806621865
6.1000000000 0.6443952821 -0.0176512250 0.3270918919 -0.3349546151
6.1100000000 0.6180271165 -0.0358818408 0.2541145238 -0.3997944335
6.1200000000 0.6144318300 -0.0452067305 0.1774840520 -0.4821545085
6.1300000000 0.6477278043 0.0728708995 0.1632559610 -0.4116009438
6.1400000000 0.6853858824 0.1698116389 0.2517248525 -0.2638493911
6.1500000000 0.6969022425 0.2378085205 0.3447259511 -0.1143677710
6.1600000000 0.6903411602 0.3558806037 0.4193675557 0.0849069992
6.1700000000 0.6886505916 0.4197679856 0.4996417885 0.2307591825
6.1800000000 0.7064188827 0.4379221631 0.5267019328 0.2582052133
6.1900000000 0.7195462327 0.3971991007 0.5254359012 0.2030887692
6.2000000000 0.7205525206 0.3845487868 0.5423595438 0.2063558100
6.2100000000 0.7237186725 0.4186399861 0.5049174040 0.1998387176
6.2200000000 0.7148511350 0.4394253744 0.4083035320 0.1328777714
6.2300000000 0.6979874499 0.4667075332 0.3119952131 0.0807152965
6.2400000000 0.6667249002 0.4906361336 0.2512128388 0.0751240722
6.2500000000 0.6157223711 0.4936120238 0.2366894461 0.1145790989
6.2600000000 0.5592439845 0.5194261682 0.1672809536 0.1274631373
6.2700000000 0.5015129536 0.5111405861 0.0914036834 0.1010313159
6.2800000000 0.4486028140 0.4877374878 0.0790549866 0.1181896604
6.2900000000 0.3930371659 0.5019691947 0.0474246708 0.1563566996
6.3000000000 0.3274108246 0.4490478009 -0.0335590330 0.0880779433
6.3100000000 0.2726751407 0.2926236952 -0.1006753635 -0.0807268090
6.3200000000 0.2282850579 0.0672219588 -0.2088790354 -0.3699421345
6.3300000000 0.1819619142 -0.1140481766 -0.3984941799 -0.6945042707
6.3400000000 0.1509200161 -0.1450384388 -0.5705866166 -0.8665450715
6.3500000000 0.1614118327 -0.0658166697 -0.6850874549 -0.9123159573
6.3600000000 0.2046163942 0.0012330305 -0.7752995395 -0.9786829031
6.3700000000 0.2565714279 0.0629090713 -0.9140394046 -1.1077017612
6.3800000000 0.3019102863 0.1964016963 -1.0945377775 -1.2000463675
6.3900000000 0.3288372917 0.3600978877 -1.2477370932 -1.2164764972
6.4000000000 0.3326913638 0.5143882675 -1.3664639253 -1.1847670216
6.4100000000 0.3297541909 0.6783699354 -1.3923816116 -1.0437658672
6.4200000000 0.3231852705 0.8305914103 -1.4200611116 -0.9126549717
6.4300000000 0.3015617416 0.9617837075 -1.5189118504 -0.8586898845
6.4400000000 0.2866558303 1.0687155449 -1.5856906903 -0.8036309757
6.4500000000 0.2865944496 1.1308120980 -1.6451158878 -0.8008982394
6.4600000000 0.2612481781 1.1381638605 -1.7298699784 -0.8529542960
6.4700000000 0.2121532189 1.0580569184 -1.8054425891 -0.9595388896
6.4800000000 0.1613998426 0.9849828211 -1.8731026898 -1.0495197113
6.4900000000 0.1180849888 0.9996292687 -1.8734988564 -0.9919545765
6.5000000000 0.0850983288 1.0085362808 -1.7939160275 -0.8704780754
6.5100000000 0.0723737480 1.0170247813 -1.7317516910 -0.7871006578
6.5200000000 0.0561045332 1.0140177902 -1.7482800601 -0.7903668031
6.5300000000 0.0132401028 0.9291735721 -1.7824846762 -0.8665512069
6.5400000000 -0.0215086281 0.7544290972 -1.7834828994 -1.0075451741
6.5500000000 -0.0480222789 0.5880970646 -1.7411225067 -1.1050031633
6.5600000000 -0.0775587062 0.4802489779 -1.6679821982 -1.1101745142
6.5700000000 -0.1169118225 0.3773302873 -1.6069332382 -1.1126911285
6.5800000000 -0.1721044826 0.2943127373 -1.5761542737 -1.1097370537
6.5900000000 -0.2087011876 0.2978054878 -1.5617260847 -1.0552194093
6.6000000000 -0.2400999668 0.3584107211 -1.5617025623 -0.9631918744
6.6100000000 -0.2819024981 0.4259564285 -1.5399187629 -0.8320598363
6.6200000000 -0.3405172997 0.4335563207 -1.4820356590 -0.7079620386
6.6300000000 -0.4008336648 0.4040132669 -1.4156443321 -0.6107974005
6.6400000000 -0.4292418565 0.3701659812 -1.3728291748 -0.5734213372
6.6500000000 -0.4403259717 0.3936034394 -1.3058134912 -0.4718840801
6.6600000000 -0.4712879855 0.4047808838 -1.2857248136 -0.4096559443
6.6700000000 -0.4933332309 0.2955205534 -1.2852136945 -0.4963599102
6.6800000000 -0.5073206310 0.1271677109 -1.2367910911 -0.6023027492
6.6900000000 -0.5454041412 -0.1135219645 -1.2159432499 -0.7840610732
6.7000000000 -0.5723130561 -0.3832954964 -1.2676124083 -1.0785948486
6.7100000000 -0.6050906451 -0.6726846522 -1.3702931828 -1.4378871899
6.7200000000 -0.6464344997 -0.9357726334 -1.4690028808 -1.7583410145
6.7300000000 -0.6687597211 -1.0993041564 -1.5718112585 -2.0023556939
6.7400000000 -0.6937090952 -1.2364561722 -1.6400655718 -2.1828126488
6.7500000000 -0.7249002263 -1.3322416515 -1.6612995338 -2.2686409589
6.7600000000 -0.7383628536 -1.3135297182 -1.7084178173 -2.2835846819
6.7700000000 -0.7419918307 -1.1741467758 -1.8058832531 -2.2380381982
6.7800000000 -0.7445569062 -1.0418591765 -1.8680594543 -2.1653617247
6.7900000000 -0.7620644095 -0.9996292831 -1.9178278022 -2.1553926757
6.8000000000 -0.7945473501 -0.9092396181 -2.0183789559 -2.1330712239
6.8100000000 -0.8272079712 -0.7705215196 -2.1032461661 -2.0465597144
6.8200000000 -0.8555486512 -0.6828617518 -2.1679905029 -1.9953036034
6.8300000000 -0.8754218631 -0.6006678520 -2.1839637531 -1.9092097420
6.8400000000 -0.8915377217 -0.4814538219 -2.1180749998 -1.7079910999
6.8500000000 -0.9140499425 -0.4301465157 -2.0704885273 -1.5865851005
6.8600000000 -0.9226214890 -0.4804421144 -2.1379481215 -1.6957687469
6.8700000000 -0.9050821875 -0.4912489047 -2.2019474898 -1.7881142069
6.8800000000 -0.8740915470 -0.4666997551 -2.1332988277 -1.7259070358
6.8900000000 -0.8620725698 -0.4591961016 -2.0447798998 -1.6419034317
6.9000000000 -0.8699513425 -0.5335100684 -1.9699317890 -1.6334905149
6.9100000000 -0.8804016769 -0.6287396432 -1.8725981989 -1.6209361651
6.9200000000 -0.8987563203 -0.7179595023 -1.7602974141 -1.5795005960
6.9300000000 -0.9024027579 -0.8435842819 -1.6741786079 -1.6153601319
6.9400000000 -0.8852348434 -0.9588559556 -1.5323783249 -1.6059994371
6.9500000000 -0.8543810483 -1.0677013527 -1.3781989377 -1.5915192420
6.9600000000 -0.8147469135 -1.1997769073 -1.2584935469 -1.6435235406
6.9700000000 -0.7825515335 -1.3511630496 -1.1183711168 -1.6869826329
6.9800000000 -0.7797494565 -1.4862305341 -1.0407448199 -1.7472258975
6.9900000000 -0.7896905418 -1.6537284027 -1.0046180126 -1.8686558736
7.0000000000 -0.7679487667 -1.7820048562 -0.9102577464 -1.9243138359
7.0100000000 -0.7417916417 -1.8313329177 -0.8091932441 -1.8987345202
7.0200000000 -0.7291982185 -1.8350794009 -0.7819767636 -1.8878579459
7.0300000000 -0.7085132865 -1.7837661952 -0.7903748781 -1.8656277867
7.0400000000 -0.6989075346 -1.7087729666 -0.8303786123 -1.8402440443
7.0500000000 -0.7185992045 -1.6680356010 -0.9359753339 -1.8854117304
7.0600000000 -0.7489575252 -1.6273901761 -1.0243019174 -1.9027345683
7.0700000000 -0.7701990799 -1.5484043730 -1.0711015206 -1.8493068137
7.0800000000 -0.7795194673 -1.4543765879 -1.1115001275 -1.7863572481
7.0900000000 -0.7584368920 -1.3228416180 -1.0958899210 -1.6602946470
7.1000000000 -0.7242722337 -1.1238102864 -1.0849995118 -1.4845375645
7.1100000000 -0.7039042383 -0.8885291696 -1.0803481800 -1.2649731113
7.1200000000 -0.6872595345 -0.6724951096 -1.0279874611 -1.0132230362
7.1300000000 -0.6728472990 -0.5448347144 -0.9757065331 -0.8476939485
7.1400000000 -0.6550986574 -0.5380246884 -0.9379801560 -0.8209061869
7.1500000000 -0.6532464867 -0.5853327522 -0.9234168401 -0.8555031057
7.1600000000 -0.6644019092 -0.6617182592 -0.8921228814 -0.8894392314
7.1700000000 -0.6688451861 -0.7512552124 -0.8288658220 -0.9112758484
7.1800000000 -0.6500958457 -0.8106345660 -0.7992571023 -0.9597958226
7.1900000000 -0.6272085302 -0.8388665021 -0.8161502193 -1.0278081912
7.2000000000 -0.6356137399 -0.8476059695 -0.8266070772 -1.0385993068
7.2100000000 -0.6212703985 -0.7686868391 -0.7891972148 -0.9366136554
7.2200000000 -0.5889994963 -0.5770415458 -0.7406548757 -0.7286969252
7.2300000000 -0.5935734678 -0.3465074611 -0.7259375091 -0.4788715024
7.2400000000 -0.5948697426 -0.1960700155 -0.7187284495 -0.3199287223
7.2500000000 -0.5931687996 -0.1295394157 -0.7976149109 -0.3339855270
7.2600000000 -0.6041240251 -0.0691098553 -0.9114660593 -0.3764518895
7.2700000000 -0.6305109888 -0.0384911995 -0.9554010566 -0.3633812674
7.2800000000 -0.6787275475 -0.0527739656 -1.0208742791 -0.3949206973
7.2900000000 -0.6968917261 -0.0380603323 -1.0698253913 -0.4109939975
7.3000000000 -0.6946530760 -0.0417937107 -1.0944116091 -0.4415522437
7.3100000000 -0.6927413199 -0.0248236868 -1.1277809606 -0.4598633275
7.3200000000 -0.6527213077 0.0468849602 -1.1348308433 -0.4352245754
7.3300000000 -0.6170314416 0.1032163412 -1.1580415454 -0.4377937625
7.3400000000 -0.6091960601 0.1962919766 -1.1858007751 -0.3803127384
7.3500000000 -0.5993006843 0.3156888147 -1.1660738322 -0.2510843332
7.3600000000 -0.5956608135 0.4219130262 -1.1324900814 -0.1149162417
7.3700000000 -0.6133328587 0.4512432869 -1.0795296996 -0.0149535539
7.3800000000 -0.6184560018 0.4318023867 -0.9663654266 0.0838929619
7.3900000000 -0.6079529835 0.4206792665 -0.8377402247 0.1908920253
7.4000000000 -0.6046072117 0.3661633374 -0.7030294804 0.2677410687
7.4100000000 -0.6066137611 0.2368754591 -0.5782314186 0.2652578016
7.4200000000 -0.5873385839 0.1839058815 -0.4349524874 0.3362919780
7.4300000000 -0.5624242788 0.2409560958 -0.3136628214 0.4897175532
7.4400000000 -0.5526650048 0.2850249671 -0.2663986175 0.5712913544
7.4500000000 -0.5529445817 0.2314576955 -0.2304704159 0.5539318613
7.4600000000 -0.5421433293 0.1637805697 -0.1611031231 0.5448207759
7.4700000000 -0.5070358523 0.1775940227 -0.1084923015 0.5761375735
7.4800000000 -0.4686614634 0.2201336683 -0.0997502772 0.5890448545
7.4900000000 -0.4375613646 0.2227854470 -0.0822082476 0.5781385640
7.5000000000 -0.4052798416 0.1811754718 -0.0360541165 0.5504011969
7.5100000000 -0.3590125275 0.2021283482 0.0787039680 0.6398448437
7.5200000000 -0.3188489763 0.2346766086 0.1950423547 0.7485679396
7.5300000000 -0.2912974011 0.2391729019 0.2742973164 0.8047676193
7.5400000000 -0.2746785359 0.2733146122 0.2858093459 0.8338024940
7.5500000000 -0.2463736808 0.3081130902 0.2872506047 0.8417373756
7.5600000000 -0.2053688234 0.3028036983 0.3256707999 0.8338433216
7.5700000000 -0.1850604352 0.2543736300 0.3529935146 0.7924275798
7.5800000000 -0.1760863319 0.2325993028 0.4109626702 0.8196483049
7.5900000000 -0.1689861718 0.2300332401 0.4480905849 0.8471099968
7.6000000000 -0.1647680013 0.2032960037 0.4885972141 0.8566612191
7.6100000000 -0.1661920088 0.1427388721 0.5677487403 0.8766796213
7.6200000000 -0.1777216762 0.0283608982 0.6357671208 0.8418496952
7.6300000000 -0.1752867475 -0.1358649894 0.6935899360 0.7330116941
7.6400000000 -0.1465093191 -0.2909861010 0.7107127929 0.5662360110
7.6500000000 -0.0940147093 -0.3721197988 0.6994456670 0.4213405775
7.6600000000 -0.0543089813 -0.4219509636 0.7151376603 0.3474956779
7.6700000000 -0.0530133994 -0.4917685961 0.7251603366 0.2864051399
7.6800000000 -0.0524245551 -0.5633047496 0.7284287574 0.2175485630
7.6900000000 -0.0437595063 -0.6219614889 0.7579384837 0.1797365012
7.7000000000 -0.0116399728 -0.6110152121 0.8116484481 0.2122732088
7.7100000000 0.0125580600 -0.6045076823 0.8822090362 0.2651432939
7.7200000000 0.0034342231 -0.6471027110 0.9615286068 0.3109916726
7.7300000000 0.0190377559 -0.7004607988 1.0999119300 0.3804133753
7.7400000000 0.0790091223 -0.7250871059 1.2890700870 0.4849738589
7.7500000000 0.1458807605 -0.7078155789 1.4876971830 0.6340008436
7.7600000000 0.1714120697 -0.6759606302 1.6610412092 0.8136685094
7.7700000000 0.1760473583 -0.6403848742 1.8363666974 1.0199344650
7.7800000000 0.1782184494 -0.6384218852 1.9589132989 1.1422729642
7.7900000000 0.1658495064 -0.6335584358 1.9946633846 1.1952554423
7.8000000000 0.1506541001 -0.5689749431 2.0245080093 1.3048789661
7.8100000000 0.1486722424 -0.4909317095 2.0609414363 1.4213374844
7.8200000000 0.1665558473 -0.4457482241 2.0826316100 1.4703275387
7.8300000000 0.1813526950 -0.3654787935 2.0696431383 1.5228116499
7.8400000000 0.1841678039 -0.2285124425 1.9960029204 1.5833226739
7.8500000000 0.2135316231 -0.0283967251 1.8849861694 1.6430578212
7.8600000000 0.2668763645 0.1814783035 1.8207510435 1.7353529825
7.8700000000 0.3196955003 0.3502099832 1.8320964595 1.8626109424
7.8800000000 0.3727779421 0.5175011528 1.8747050681 2.0194282788
7.8900000000 0.4172209798 0.6125864151 1.8815566208 2.0769220560
7.9000000000 0.4656150790 0.6833401844 1.8107489584 2.0284740638
7.9100000000 0.5167653604 0.7817786517 1.7493978448 2.0144111361
7.9200000000 0.5491422262 0.8911019280 1.7592565110 2.1012162128
7.9300000000 0.5723238255 0.9840726588 1.8092553346 2.2210041678
7.9400000000 0.5803508535 0.9852749589 1.8597824046 2.2647065100
7.9500000000 0.5636268373 0.8985540560 1.8569431690 2.1918703877
7.9600000000 0.5501211172 0.8246941166 1.8273730653 2.1019460647
7.9700000000 0.5594547235 0.8699456549 1.8165395124 2.1270304438
7.9800000000 0.5960474601 1.0221127863 1.8319603440 2.2580256702
7.9900000000 0.6407459322 1.1524396772 1.9273334817 2.4390272267
8.0000000000 0.6588547269 1.1703373098 2.0297081107 2.5411906936
8.0100000000 0.6437427903 1.0931390017 2.0245529351 2.4739491465
8.0200000000 0.6157237520 0.9872939551 1.9520279657 2.3235981688
8.0300000000 0.6130513461 0.9475774317 1.9020921008 2.2366181865
8.0400000000 0.6260449524 0.8852478691 1.8676499686 2.1268528853
8.0500000000 0.6222549680 0.7963870732 1.8094545972 1.9835867024
8.0600000000 0.6141740998 0.7496308918 1.7876293330 1.9230861250
8.0700000000 0.6135073533 0.7045447775 1.8104778537 1.9015152780
8.0800000000 0.6207812360 0.7106190479 1.8683792797 1.9582170916
8.0900000000 0.6260882890 0.7702035367 1.9224282096 2.0665434574
8.1000000000 0.6245421256 0.7985848355 1.9050535298 2.0790962397
8.1100000000 0.6414257069 0.9001984505 1.8555926560 2.1143653995
8.1200000000 0.6535714566 1.0455953501 1.7955741171 2.1875980105
8.1300000000 0.6646535107 1.0917274511 1.7115974592 2.1386713996
8.1400000000 0.6883954087 1.1427886766 1.6193700884 2.0737633563
8.1500000000 0.7036316184 1.2033043392 1.4989185403 1.9985912611
8.1600000000 0.7219112345 1.1935752305 1.3952432204 1.8669072164
8.1700000000 0.7686042004 1.1975046561 1.3542671068 1.7831675625
8.1800000000 0.8260702696 1.3288727980 1.3141513642 1.8169538926
8.1900000000 0.8463537675 1.4522659952 1.2589852978 1.8648975255
8.2000000000 0.8288535371 1.4105174374 1.2336036260 1.8152675263
8.2100000000 0.8040530303 1.2571772468 1.1893492041 1.6424734205
8.2200000000 0.7838060350 1.0793729934 1.0893313084 1.3848982668
8.2300000000 0.7824506378 0.9214438639 0.9615410387 1.1005342648
8.2400000000 0.7961344271 0.7885738165 0.8953947406 0.8878341300
8.2500000000 0.7713053012 0.7128684374 0.8646762453 0.8062393815
8.2600000000 0.7293348581 0.7072733865 0.8381235445 0.8160620729
8.2700000000 0.6841206892 0.7108306432 0.8261627164 0.8528726704
8.2800000000 0.6339398478 0.7530482817 0.8109596303 0.9300680641
8.2900000000 0.6124997706 0.8805145010 0.8376896755 1.1057044058
8.3000000000 0.6049038198 0.9761865731 0.8827914778 1.2540742311
8.3100000000 0.6158721427 0.9910143623 0.9235706251 1.2987128448
8.3200000000 0.6541441616 1.0191800118 1.0098190808 1.3748549310
8.3300000000 0.6908885012 1.0350277272 1.1073745238 1.4515137498
8.3400000000 0.6924267923 0.9927413457 1.1088674914 1.4091820448
8.3500000000 0.6723671009 0.9725249240 1.0554786525 1.3556364757
8.3600000000 0.6823896490 1.0093499228 1.0755660915 1.4025263653
8.3700000000 0.7033789662 0.9980789728 1.1200184111 1.4147184177
8.3800000000 0.7041436522 0.9040527617 1.1435242145 1.3434333241
8.3900000000 0.7123799639 0.7803038713 1.1725038523 1.2404277598
8.4000000000 0.7412127202 0.7096199961 1.2136772913 1.1820845672
8.4100000000 0.7754531121 0.6607190833 1.2714341879 1.1567001591
8.4200000000 0.8058457877 0.5736776181 1.3010348738 1.0688667042
8.4300000000 0.8298615869 0.5107661368 1.3316325743 1.0125371242
8.4400000000 0.8635694376 0.5017541379 1.3939716954 1.0321563958
8.4500000000 0.8943730246 0.4831102952 1.4229519900 1.0116892606
8.4600000000 0.9189189718 0.4127048340 1.4147579811 0.9085438433
8.4700000000 0.9411086798 0.3609736877 1.3201285800 0.7399935879
8.4800000000 0.9671622385 0.4046681695 1.1851690317 0.6226749627
8.4900000000 0.9728653386 0.4382101420 1.0855869146 0.5509317180
8.5000000000 0.9396446780 0.4419327633 1.0259543544 0.5282424397
8.5100000000 0.8983555345 0.5085169813 1.0201097715 0.6302712184
8.5200000000 0.8676467376 0.5406529801 0.9944994640 0.6675057065
8.5300000000 0.8345780837 0.5105960820 0.9072580238 0.5832760220
8.5400000000 0.8197936668 0.5400711417 0.8123306761 0.5326081510
8.5500000000 0.8385146798 0.6451815597 0.7579827768 0.5646496568
8.5600000000 0.8573248599 0.7357971742 0.7670913978 0.6455637121
8.5700000000 0.8846055125 0.8299093400 0.8296638641 0.7749676916
8.5800000000 0.9188986458 0.9314060482 0.8754863382 0.8879937406
8.5900000000 0.9366420331 0.9439921435 0.8620945973 0.8694447078
8.6000000000 0.9230048006 0.8178549223 0.7458671294 0.6407172512
8.6100000000 0.8903909657 0.6711220736 0.5776408224 0.3583719304
8.6200000000 0.8445981092 0.5967671535 0.4037348791 0.1559039233
8.6300000000 0.7858051762 0.5654517878 0.2695586153 0.0492052268
8.6400000000 0.7237204037 0.5113151403 0.2178917732 0.0054865098
8.6500000000 0.6646607561 0.4120736675 0.1693014186 -0.0832856700
8.6600000000 0.6321732400 0.3238963469 0.1386663436 -0.1696105495
8.6700000000 0.6174827986 0.2470747298 0.1452931440 -0.2251149248
8.6800000000 0.5921946276 0.1204799586 0.1263644134 -0.3453502556
8.6900000000 0.5802796808 0.0260410791 0.0661447313 -0.4880938704
8.7000000000 0.5660077559 0.0147185414 -0.0452706560 -0.5965598705
8.7100000000 0.5257943722 -0.0528346761 -0.1625286489 -0.7411576972
8.7200000000 0.4592508416 -0.1641333751 -0.2872741743 -0.9106583910
8.7300000000 0.3644766703 -0.2786483286 -0.4392008667 -1.0823258657
8.7400000000 0.2663277916 -0.4612557205 -0.5581709491 -1.2857544612
8.7500000000 0.1758708280 -0.6719545084 -0.5850201079 -1.4328454443
8.7600000000 0.1113385096 -0.8189090681 -0.4869449640 -1.4171925417
8.7700000000 0.0499722180 -0.8912770375 -0.3793015219 -1.3205507774
8.7800000000 -0.0099718555 -0.9426489999 -0.2971839589 -1.2298611033
8.7900000000 -0.0438357824 -0.9695374074 -0.2300732924 -1.1557749175
8.8000000000 -0.0630727309 -0.9452102053 -0.2084724936 -1.0906099681
8.8100000000 -0.0743076908 -0.9387532140 -0.1563545271 -1.0208000503
8.8200000000 -0.0451725822 -0.9728828547 -0.0777067058 -1.0054169782
8.8300000000 -0.0013284541 -0.9397882318 0.0012501874 -0.9372095903
8.8400000000 0.0255327543 -0.8968333358 0.0306677559 -0.8916983342
8.8500000000 0.0456482407 -0.8996596218 0.0208636016 -0.9244442609
8.8600000000 0.0463015870 -0.9270628793 -0.0119483496 -0.9853128159
8.8700000000 0.0186846265 -1.0413574315 -0.1357636962 -1.1958057542
8.8800000000 -0.0138305302 -1.1035847940 -0.3089628831 -1.3987171469
8.8900000000 -0.0167315664 -1.0651584159 -0.4179125405 -1.4663393901
8.9000000000 -0.0125610416 -1.0514469076 -0.5049113881 -1.5437972541
8.9100000000 -0.0272842594 -1.0731096667 -0.6131759022 -1.6590013095
8.9200000000 -0.0292923418 -1.0420154403 -0.6719015595 -1.6846246579
8.9300000000 -0.0364296181 -1.0037406900 -0.7452118047 -1.7125228766
8.9400000000 -0.0716386345 -1.0149270037 -0.8075217503 -1.7508101195
8.9500000000 -0.1070086866 -1.0410469132 -0.8203464356 -1.7543846622
8.9600000000 -0.1356319653 -1.0073351398 -0.8280694717 -1.6997726461
8.9700000000 -0.1612108939 -0.9562581926 -0.8196450389 -1.6146923376
8.9800000000 -0.1899924298 -0.9507974312 -0.8105188902 -1.5713238916
8.9900000000 -0.2366881169 -0.9274972256 -0.8784512773 -1.5692603861
9.0000000000 -0.3139856184 -0.9292985835 -1.0312619938 -1.6465749589
9.0100000000 -0.4017562705 -0.9149185707 -1.1886602233 -1.7018225235
9.0200000000 -0.4511435960 -0.8010663567 -1.3071039469 -1.6570267076
9.0300000000 -0.4615684774 -0.7223474360 -1.3823648745 -1.6431438331
9.0400000000 -0.4356715897 -0.6911565129 -1.3957306495 -1.6512155727
9.0500000000 -0.3824997214 -0.6033265366 -1.3648490094 -1.5856758245
9.0600000000 -0.3229615473 -0.5021785468 -1.3831739494 -1.5623909489
9.0700000000 -0.2589765620 -0.4470754088 -1.4723357673 -1.6604346141
9.0800000000 -0.2002863410 -0.4131991113 -1.5773761918 -1.7902889621
9.0900000000 -0.1501249262 -0.3656457485 -1.6717185157 -1.8872393380
9.1000000000 -0.0900945495 -0.2838976333 -1.7284929102 -1.9222959941
9.1100000000 -0.0444877100 -0.2400129370 -1.8095103759 -2.0050356029
9.1200000000 -0.0142985619 -0.2086210108 -1.9605120432 -2.1548344921
9.1300000000 0.0108271022 -0.1847275108 -2.1067481753 -2.3023027882
9.1400000000 0.0292285516 -0.1655365566 -2.2086392410 -2.4034043492
9.1500000000 0.0379801257 -0.0864597087 -2.2762497261 -2.4006895605
9.1600000000 0.0185878105 0.0146928016 -2.3178950284 -2.3217900372
9.1700000000 0.0013772115 0.1179670646 -2.3349428479 -2.2183529948
9.1800000000 -0.0045539371 0.1600628573 -2.3064605378 -2.1418437434
9.1900000000 -0.0296210037 0.1200620688 -2.2412494119 -2.0915663394
9.2000000000 -0.0682859254 -0.0020422968 -2.1856380869 -2.1193944583
9.2100000000 -0.1125131225 -0.1263072098 -2.1527568961 -2.1665509835
9.2200000000 -0.1772128240 -0.2000807964 -2.1336302034 -2.1564981758
9.2300000000 -0.2494854472 -0.2251319796 -2.1403186589 -2.1159651913
9.2400000000 -0.3065347955 -0.2170316309 -2.1176079072 -2.0281047425
9.2500000000 -0.3579265626 -0.2432264108 -2.0588926317 -1.9441924798
9.2600000000 -0.4163557914 -0.2852783373 -1.9916339301 -1.8605564760
9.2700000000 -0.4650159043 -0.2879786622 -1.8849675562 -1.7079303140
9.2800000000 -0.4887998710 -0.3202471726 -1.7636369805 -1.5950842820
9.2900000000 -0.4996510478 -0.3736388437 -1.6453509614 -1.5193387573
9.3000000000 -0.5078105665 -0.4103373515 -1.5188844626 -1.4214112477
9.3100000000 -0.5262493821 -0.3999019938 -1.3850932571 -1.2587458688
9.3200000000 -0.5543642780 -0.3875916090 -1.2812311706 -1.1144585015
9.3300000000 -0.5877767482 -0.4435233505 -1.2035141982 -1.0592608005
9.3400000000 -0.6114062188 -0.5491263253 -1.0510486088 -0.9887687153
9.3500000000 -0.6286210884 -0.5871575728 -0.9312620335 -0.8897985179
9.3600000000 -0.6551799645 -0.5545042146 -0.8977305014 -0.7970547515
9.3700000000 -0.7127885425 -0.5879110198 -0.8841935263 -0.7593160036
9.3800000000 -0.8008833542 -0.6188200317 -0.9238175833 -0.7417542608
9.3900000000 -0.8728585266 -0.5792069378 -0.9886996793 -0.6950480905
9.4000000000 -0.9424706311 -0.5012836578 -1.0863633389 -0.6451763656
9.4100000000 -1.0141456082 -0.4432194383 -1.2416085167 -0.6706823468
9.4200000000 -1.0569762941 -0.4113041994 -1.3679698807 -0.7222977860
9.4300000000 -1.0841733718 -0.3456110409 -1.4285752306 -0.6900128997
9.4400000000 -1.1004654825 -0.2731114826 -1.4500632637 -0.6227092638
9.4500000000 -1.0616466800 -0.1461623960 -1.4501763091 -0.5346920251
9.4600000000 -0.9900724643 -0.0406775276 -1.4807497701 -0.5313548334
9.4700000000 -0.9374836200 -0.0016507604 -1.5278588874 -0.5920260278
9.4800000000 -0.9074951894 0.0683789430 -1.6180368145 -0.6421626822
9.4900000000 -0.8774200502 0.1136416882 -1.7223204351 -0.7312586968
9.5000000000 -0.8561921940 0.0772128874 -1.7751836197 -0.8417785383
9.5100000000 -0.8564631784 0.0065281212 -1.8231886567 -0.9601973572
9.5200000000 -0.8497865049 -0.0466906646 -1.8531559481 -1.0500601077
9.5300000000 -0.8389242188 -0.1276764830 -1.8130084368 -1.1017607010
9.5400000000 -0.8525115709 -0.2186442236 -1.7905416995 -1.1566743523
9.5500000000 -0.8781541207 -0.2732807239 -1.8742089458 -1.2693355491
9.5600000000 -0.8934944104 -0.3705561715 -1.9214188436 -1.3984806047
9.5700000000 -0.9006204022 -0.4933457387 -1.8847523566 -1.4774776931
9.5800000000 -0.9030530856 -0.5497975441 -1.8477435621 -1.4944880206
9.5900000000 -0.9198195553 -0.5445647333 -1.8224815479 -1.4472267260
9.6000000000 -0.9301239343 -0.4909773765 -1.7973408659 -1.3581943081
9.6100000000 -0.9296718554 -0.3930435591 -1.7339067321 -1.1972784358
9.6200000000 -0.9433544479 -0.3351807556 -1.6301762750 -1.0220025827
9.6300000000 -0.9504464152 -0.2972345870 -1.4729984021 -0.8197865739
9.6400000000 -0.9310939139 -0.1917948482 -1.2920827426 -0.5527836769
9.6500000000 -0.9163556428 -0.0943376887 -1.1660110242 -0.3439930701
9.6600000000 -0.9144482930 -0.0112084988 -1.0769653773 -0.1737255831
9.6700000000 -0.9020014485 0.1416318151 -1.0074793240 0.0361539397
9.6800000000 -0.8974553721 0.3171309037 -1.0079851264 0.2066011493
9.6900000000 -0.8847563967 0.4307723060 -1.0244581413 0.2910705613
9.7000000000 -0.8545083928 0.5220680938 -0.9814487979 0.3951276887
9.7100000000 -0.8360519576 0.5464362796 -0.9253171005 0.4571711366
9.7200000000 -0.8322607362 0.4495987629 -0.9007026903 0.3811568087
9.7300000000 -0.8361101928 0.3204841927 -0.8975146380 0.2590797475
9.7400000000 -0.8512974512 0.2324929656 -0.9209277106 0.1628627062
9.7500000000 -0.8505558164 0.2192200870 -0.9122634889 0.1575124145
9.7600000000 -0.8314948260 0.2175955042 -0.8769930213 0.1720973089
9.7700000000 -0.8122881542 0.1811204434 -0.9024482193 0.0909603782
9.7800000000 -0.7807340334 0.1023302298 -0.9479701317 -0.0649058685
9.7900000000 -0.7334120084 -0.0070947681 -0.9520391973 -0.2257219570
9.8000000000 -0.6951428484 -0.1629531145 -0.9409048524 -0.4087151185
9.8100000000 -0.6580231718 -0.2971863438 -0.8907575790 -0.5299207510
9.8200000000 -0.6223456799 -0.3447282684 -0.8217326308 -0.5441152193
9.8300000000 -0.6231591250 -0.4085413139 -0.7829968072 -0.5683789961
9.8400000000 -0.6400361802 -0.4482903392 -0.6937078540 -0.5019620130
9.8500000000 -0.6386436379 -0.3707648062 -0.5579534844 -0.2900746527
9.8600000000 -0.6289402527 -0.2611521886 -0.4231396031 -0.0553515390
9.8700000000 -0.6210483311 -0.2258537453 -0.3363930608 0.0588015250
9.8800000000 -0.6251355450 -0.2703142176 -0.3476050306 0.0072162968
9.8900000000 -0.6454927283 -0.3409511748 -0.3994799237 -0.0949383702
9.9000000000 -0.6410094770 -0.4457082365 -0.3997205273 -0.2044192868
9.9100000000 -0.6124205185 -0.6042412096 -0.3568028776 -0.3486235687
9.9200000000 -0.5809120330 -0.7314730838 -0.3036892975 -0.4542503483
9.9300000000 -0.5551206758 -0.8065877931 -0.2181986088 -0.4696657262
9.9400000000 -0.5306150871 -0.8075418945 -0.1440459214 -0.4209727289
9.9500000000 -0.5183191313 -0.8270033061 -0.1148581072 -0.4235422820
9.9600000000 -0.5292733615 -0.8756997610 -0.1213178182 -0.4677442177
9.9700000000 -0.5376616045 -0.8350708368 -0.1387842688 -0.4361935012
9.9800000000 -0.5170328077 -0.7682268376 -0.1344468292 -0.3856408591
9.9900000000 -0.4859052191 -0.6784588764 -0.0482924835 -0.2408461408
10.0000000000 -0.4885528649 -0.7311587834 0.0475492562 -0.1950566624
