w a1 a2 a3 1.0000000000 2.3932354710 -1.5921856133 -5.8899592286
1.1494989440 2.8531046946 -1.0371800537 -5.8433593582
1.1699891066 2.9138506032 -0.6100908718 -5.7808922131
1.3688745095 3.4696001350 -0.4354990740 -5.6977623363
1.6015682644 4.0351589548 0.1908809305 -5.5881932786
1.8738174229 4.5795534698 0.8149037690 -5.4455773155
2.1923459725 5.0688629964 1.4069261809 -5.2629225040
2.5650209057 5.4694698848 1.9375038344 -5.0337248411
3.0010465178 5.7514203041 2.3799532748 -4.7533401434
3.5111917342 5.8914625177 2.7122525735 -4.4207851688
4.1080560802 5.8753720540 2.9180447969 -4.0406693147
4.8063808631 5.6992793145 2.9868258268 -3.9917530519
5.6234132519 5.3698703663 2.9137007389 -3.6247331743
6.5793322466 4.9034964840 2.6991801485 -3.1923927888
7.6977470571 4.3243831486 2.3492746450 -2.7698611200
9.0062802021 3.6622527090 1.8757701659 -2.3877982822
10.5372497274 2.9497118460 1.2962957526 -2.0778577225
12.3284673944 2.2196746060 0.6338050540 -1.8687751494
13.5017550237 1.8012077411 -0.0846659905 -1.7827170886
14.4241725524 1.5029584927 -0.3008399188 -1.8324894556
16.8761247579 0.8261269298 -1.0554101573 -2.0199837721
19.7448821282 0.2097165167 -1.5723880372 -2.3360051108
23.1012970008 -0.3328939305 -2.2852221578 -2.7614347047
27.0282658391 -0.7957022637 -2.9456437352 -3.2695238041
31.6227766017 -1.1793039169 -3.5370510709 -3.8289824175
36.9983041441 -1.4893300705 -4.0498655356 -4.4074395929
43.2876128108 -1.7345431896 -4.4814420357 -4.7797206094
50.6460354389 -1.9250486249 -4.8350005124 -4.9748231050
59.2553097555 -2.0709227380 -5.1179149629 -5.5062109368
69.3280669214 -2.1813492519 -5.3398427324 -5.9837422824
81.1130830790 -2.2642018370 -5.5111080866 -6.3973026073
94.9014236042 -2.3259443461 -5.6415564332 -6.7439604958
111.0336318168 -2.3717193359 -5.7398994651 -7.0264564487
129.9081396906 -2.4055256224 -5.8134531921 -7.2512571355
151.9911082953 -2.4304210505 -5.8681351690 -7.4266849150
177.8279410039 -2.4487154329 -5.9086028874 -7.5614535927
208.0567538217 -2.4621379465 -5.9384496347 -7.6637178367
243.4241355237 -2.4719746113 -5.9604074151 -7.7405808551
284.8035868436 -2.4791772734 -5.9765312558 -7.7979333437
333.2170941245 -2.4844479656 -5.9883548728 -7.8404935063
389.8603702549 -2.4883031398 -5.9970163554 -7.8719470840
456.1323862890 -2.4911220109 -6.0033566745 -7.8951215468
533.6699231206 -2.4931826419 -6.0079953413 -7.9121575131
624.3879965654 -2.4946887203 -6.0113876999 -7.9246600752
730.5271542664 -2.4957893421 -6.0138678810 -7.9338243459
854.7088125593 -2.4965935847 -6.0156807738 -7.9405356217
1000.0000000000 -2.4971812172 -6.0170057037 -7.9454472444
